SequenceNameCaseID noPocs {Pocs}
part61 26 { 10 20 30 40 50 60 70 80 90 100 110 120 130 12 22 32 42 52 62 72 82 92 102 112 122 132 }
part62 26 { 10 20 30 40 50 60 70 80 90 100 110 120 130 12 22 32 42 52 62 72 82 92 102 112 122 132 }
elephant1 9 { 10 20 30 40 50 60 70 80 90 100 }
kpart31 3 { 11 21 19 }
elephant81 9 { 8 16 24 32 40 48 56 64 72 80 }
elephantNew1 8 { 34 74 103 127 580 701 898 1054 }
elephant_downSampled1 8 { 34 74 103 127 580 701 898 1054 }
elephant_downSampled2 8 { 34 74 103 127 580 701 898 1054 }
elephant_downSampledP1 8 { 34 74 103 127 580 701 898 1054 }
elephant_downSampledP2 8 { 34 74 103 127 580 701 898 1054 }
london993191 7 { 27 58 77 108 133 157 192 }
london99319PTest11 7 { 27 58 77 108 133 157 192 }
RB1 1 { 9 }
RB21 1 { 8 }
RB31 1 { 7 }
RB41 1 { 6 }