0.209602
0.196508
0.205609
0.159736
0.213783
0.199360
0.203269
0.161987
0.237365
0.224261
0.245866
0.208230
0.270019
0.261541
0.267854
0.211491
0.275246
0.264671
0.282474
0.204587
0.260363
0.246187
0.248597
0.181590
0.231165
0.223858
0.231220
0.164398
0.228796
0.208090
0.234422
0.165829
0.214062
0.196007
0.215945
0.154979
0.224023
0.216818
0.243736
0.163239
0.228415
0.214049
0.236091
0.149624
0.199527
0.192297
0.220717
0.152199
0.218813
0.203483
0.199763
0.133744
0.181681
0.190872
0.206798
0.149062
0.217866
0.205169
0.225699
0.156462
0.211723
0.210293
0.230210
0.157003
0.221286
0.192657
0.205534
0.138708
0.217790
0.212397
0.229034
0.152526
0.230583
0.212931
0.246169
0.157747
0.211359
0.211931
0.246834
0.150485
0.209361
0.186329
0.219807
0.149296
0.220349
0.219751
0.229206
0.156283
0.220543
0.203297
0.200009
0.134840
0.187602
0.190019
0.191473
0.142904
0.202525
0.194069
0.208250
0.145700
0.202512
0.195573
0.196040
0.141688
0.192272
0.190795
0.194563
0.152105
0.219526
0.200290
0.217470
0.154659
0.211402
0.200941
0.223088
0.159698
0.217300
0.211624
0.214235
0.146196
0.200403
0.183347
0.198426
0.137631
0.191611
0.180561
0.207002
0.151313
0.197636
0.180252
0.214014
0.163094
0.240861
0.216810
0.234512
0.161871
0.205696
0.194897
0.219900
0.156486
0.216582
0.201180
0.225101
0.161108
0.234090
0.221268
0.243028
0.150582
0.226954
0.214122
0.234736
0.158312
0.251439
0.204331
0.237343
0.150640
0.252430
0.232552
0.254687
0.169447
0.250377
0.227542
0.240704
0.167619
0.240586
0.214211
0.233553
0.163445
0.242739
0.225053
0.243770
0.169351
0.247511
0.221835
0.253345
0.181029
0.241493
0.229282
0.244654
0.183073
0.245351
0.230093
0.253666
0.177072
0.257251
0.245983
0.269476
0.200025
0.280538
0.273459
0.297356
0.205690
0.293553
0.280738
0.307312
0.209425
0.282467
0.256754
0.283270
0.200246
0.289195
0.251268
0.260559
0.176904
0.250516
0.209308
0.221301
0.153110
0.203462
0.181674
0.210431
0.142520
0.207691
0.198984
0.212246
0.150029
0.210120
0.198628
0.215184
0.149332
0.218984
0.207910
0.209302
0.159250
0.223430
0.222160
0.237082
0.187536
0.244781
0.228001
0.245767
0.184011
0.239047
0.203302
0.215261
0.165948
0.211056
0.203358
0.231066
0.174335
0.237653
0.218310
0.235979
0.163785
0.223073
0.202151
0.219983
0.158453
0.232722
0.222384
0.241392
0.176626
0.264295
0.241148
0.249585
0.174539
0.252693
0.227765
0.238984
0.168979
0.237513
0.223609
0.258098
0.169028
0.218914
0.209187
0.213712
0.152422
0.214863
0.204883
0.237706
0.177313
0.236803
0.221199
0.237933
0.160752
0.199467
0.186134
0.210553
0.135250
0.195757
0.183323
0.207866
0.143263
0.202570
0.181093
0.206760
0.140040
0.213048
0.200878
0.223886
0.159868
0.228323
0.212332
0.233947
0.151512
0.227996
0.209149
0.252172
0.153152
0.243544
0.234069
0.274832
0.159711
0.259780
0.234622
0.242463
0.142461
0.221602
0.218393
0.249349
0.168595
0.250606
0.231478
0.254928
0.179752
0.256581
0.248620
0.273970
0.181973
0.247110
0.220345
0.209257
0.137324
0.205995
0.199724
0.232001
0.161671
0.227599
0.219417
0.240409
0.148532
0.213212
0.208666
0.214790
0.140851
0.210243
0.190873
0.220554
0.172487
0.208145
0.207503
0.211402
0.174085
0.237745
0.246760
0.267277
0.198396
0.255440
0.255184
0.263649
0.198587
0.252681
0.237197
0.272130
0.181319
0.238332
0.227048
0.249381
0.169903
0.233367
0.233437
0.264221
0.182012
0.242846
0.237056
0.274716
0.187173
0.267874
0.258185
0.295507
0.191463
0.281721
0.293774
0.357458
0.222180
0.332313
0.325415
0.339661
0.214656
0.303848
0.262690
0.283182
0.201622
0.285405
0.269118
0.284048
0.208202
0.294780
0.269222
0.285169
0.192877
0.265085
0.245982
0.263164
0.181804
0.249509
0.218518
0.247949
0.178141
0.248427
0.225114
0.264113
0.174545
0.237316
0.211462
0.198459
0.139843
0.211689
0.189565
0.203502
0.165952
0.240483
0.225631
0.245833
0.169958
0.248776
0.228798
0.236235
0.165637
0.236567
0.219207
0.241623
0.153705
0.215810
0.217299
0.246815
0.170206
0.236557
0.212628
0.232511
0.160215
0.247717
0.224084
0.237357
0.167809
0.253513
0.216812
0.225716
0.155947
0.216693
0.199420
0.226336
0.140585
0.209822
0.201592
0.232866
0.158107
0.237810
0.223666
0.242712
0.158227
0.217368
0.210685
0.230576
0.166650
0.228957
0.222931
0.247858
0.168452
0.234317
0.206602
0.259541
0.175928
0.253750
0.221017
0.254894
0.180017
0.253758
0.211043
0.229087
0.156363
0.233551
0.210222
0.238718
0.164245
0.266963
0.251178
0.276090
0.177765
0.274907
0.257107
0.304293
0.188464
0.308671
0.296472
0.327538
0.200853
0.308794
0.260985
0.276345
0.195136
0.277511
0.252059
0.291342
0.189750
0.245202
0.210898
0.229424
