0.398319
0.398335
0.499926
0.313517
0.546668
0.473228
0.488437
0.202454
0.401971
0.389141
0.500018
0.291733
0.530871
0.506677
0.532979
0.298330
0.543557
0.516186
0.577370
0.287222
0.447147
0.487983
0.588211
0.309378
0.550267
0.531930
0.623247
0.318772
0.590031
0.546985
0.596357
0.321161
0.594200
0.498924
0.592326
0.270501
0.515203
0.494037
0.610785
0.251432
0.465877
0.412508
0.503885
0.249397
0.414756
0.374387
0.432064
0.199820
0.344356
0.334822
0.405358
0.151519
0.322650
0.313391
0.347166
0.138830
0.283663
0.270182
0.336212
0.124438
0.197850
0.198661
0.309689
0.137622
0.328381
0.269363
0.352611
0.162993
0.404744
0.349489
0.345819
0.123211
0.244808
0.237114
0.365534
0.150446
0.329169
0.263945
0.347252
0.127028
0.289935
0.276649
0.354216
0.149136
0.293581
0.250676
0.298889
0.133627
0.268762
0.239034
0.284470
0.143698
0.266292
0.267960
0.339525
0.167898
0.329443
0.321645
0.315373
0.143479
0.236146
0.250908
0.310061
0.173576
0.293543
0.288312
0.370481
0.176869
0.249039
0.226951
0.279392
0.147763
0.287936
0.283431
0.274379
0.135947
0.301585
0.279716
0.314674
0.150324
0.273374
0.270183
0.336102
0.207600
0.356995
0.356110
0.411440
0.221017
0.375739
0.360834
0.369361
0.157195
0.238782
0.203740
0.252530
0.135879
0.234995
0.231968
0.295318
0.141372
0.280317
0.263504
0.303647
0.147185
0.235686
0.277648
0.309163
0.165321
0.336923
0.359959
0.365619
0.159976
0.266643
0.242718
0.213459
0.111327
0.192869
0.194767
0.216147
0.126826
0.190419
0.218077
0.251361
0.126468
0.211772
0.195820
0.248340
0.104249
0.223973
0.222815
0.274979
0.143567
0.297376
0.260058
0.337146
0.178382
0.315624
0.309127
0.357626
0.164873
0.299913
0.322773
0.428532
0.208444
0.374677
0.313631
0.376040
0.169689
0.304076
0.302495
0.379174
0.173265
0.318762
0.326008
0.387015
0.169892
0.307105
0.287941
0.355573
0.171550
0.342463
0.299297
0.334245
0.155219
0.315724
0.272949
0.337327
0.165799
0.324395
0.310663
0.366908
0.167959
0.314434
0.270522
0.339877
0.142231
0.245566
0.230648
0.204126
0.138938
0.224696
0.225516
0.262564
0.176617
0.294362
0.247162
0.339562
0.161990
0.335024
0.312748
0.367607
0.164652
0.314305
0.265113
0.299490
0.141812
0.269010
0.267835
0.349979
0.160105
0.293163
0.261020
0.297880
0.139362
0.287119
0.292234
0.338733
0.138239
0.248493
0.241350
0.310361
0.164026
0.294471
0.277774
0.304160
0.147705
0.269704
0.219568
0.245706
0.113362
0.195081
0.172287
0.200985
0.088156
0.200462
0.249066
0.251828
0.130062
0.225164
0.177314
0.182646
0.084802
0.120940
0.142252
0.125664
0.095956
0.132187
0.137254
0.172257
0.094037
0.218079
0.151299
0.168135
0.094227
0.176182
0.180069
0.226820
0.089338
0.216017
0.189645
0.198464
0.108401
0.203829
0.228508
0.234536
0.118019
0.196092
0.215572
0.255527
0.128681
0.226516
0.212028
0.237831
0.092415
0.170368
0.188311
0.235969
0.106943
0.214896
0.206640
0.273705
0.094446
0.225616
0.205365
0.246257
0.101165
0.227323
0.231266
0.264534
0.109784
0.230209
0.240437
0.311213
0.135524
0.287639
0.278029
0.384839
0.161697
0.309727
0.268466
0.307830
0.125097
0.245794
0.225697
0.256010
0.094627
0.192784
0.166979
0.206932
0.086959
0.198339
0.177184
0.228682
0.092125
0.203188
0.147007
0.129621
0.062437
0.132104
0.139209
0.180363
0.088232
0.153610
0.149686
0.182846
0.081235
0.132001
0.135900
0.145919
0.078119
0.156279
0.173708
0.204833
0.099827
0.166125
0.175991
0.207120
0.083617
0.194552
0.202253
0.265412
0.094925
0.235211
0.215094
0.246273
0.106793
0.210912
0.150351
0.215071
0.107422
0.224661
0.218628
0.243438
0.118370
0.259375
0.263232
0.337579
0.134907
0.246122
0.267641
0.227818
0.093322
0.200340
0.191967
0.212968
0.106047
0.239660
0.237122
0.250293
0.110023
0.174873
0.156630
0.238085
0.095614
0.179557
0.202328
0.271124
0.122958
0.205600
0.223612
0.268902
0.118240
0.188550
0.185496
0.212643
0.117797
0.218616
0.189753
0.218956
0.104344
0.196021
0.194643
0.234123
0.096416
0.176952
0.151997
0.179589
0.080961
0.171030
0.170157
0.176530
0.076192
0.143383
0.125098
0.217467
0.110345
0.263060
0.257461
0.331380
0.120402
0.209759
0.219006
0.277699
0.110779
0.217397
0.209915
0.293654
0.129809
0.264362
0.207518
0.221822
0.086995
0.211585
0.186300
0.264868
0.093838
0.220796
0.178599
0.205586
0.080716
0.186526
0.158428
0.202162
0.079494
0.178708
0.167003
0.200000
0.077953
0.183007
0.179726
0.208840
0.077586
0.168433
0.171968
0.246198
0.106418
0.251599
0.190748
0.243499
0.097196
0.248851
0.219279
0.276547
0.111346
0.261090
0.245974
0.236788
0.061014
0.089695
0.119809
0.205414
0.134319
0.459869
0.399784
0.500238
0.163446
0.274531
0.275601
0.365815
