0.226006
0.218447
0.309887
0.201004
0.341627
0.266973
0.291469
0.138115
0.229198
0.229195
0.290307
0.193772
0.337687
0.303889
0.332563
0.198228
0.344709
0.309315
0.351678
0.198337
0.278121
0.283560
0.355745
0.213593
0.367326
0.321222
0.389220
0.223693
0.391325
0.336145
0.398212
0.211866
0.367755
0.314006
0.367280
0.186675
0.317558
0.290269
0.360703
0.166547
0.272657
0.244965
0.302905
0.155248
0.241233
0.211135
0.239313
0.118250
0.183458
0.172848
0.206737
0.081041
0.164372
0.158712
0.181818
0.075655
0.142374
0.137271
0.166147
0.073775
0.098522
0.097955
0.149079
0.079545
0.171316
0.134449
0.183381
0.095633
0.215926
0.194083
0.177278
0.068828
0.122037
0.117120
0.178003
0.088669
0.165731
0.136217
0.175623
0.071658
0.150460
0.145278
0.189853
0.085685
0.156412
0.132780
0.153714
0.073430
0.141796
0.122829
0.145552
0.081686
0.142899
0.140805
0.174193
0.096761
0.179338
0.175500
0.171927
0.081301
0.126336
0.132586
0.162443
0.095228
0.153426
0.156539
0.208485
0.099956
0.135110
0.116369
0.149313
0.080480
0.152191
0.152655
0.148387
0.075790
0.163410
0.147233
0.166513
0.085763
0.149546
0.147288
0.183659
0.124075
0.206529
0.207477
0.247376
0.134539
0.226726
0.210174
0.207562
0.089308
0.128159
0.102010
0.126373
0.072760
0.121768
0.115294
0.155015
0.076940
0.151766
0.142045
0.156346
0.083643
0.127113
0.150999
0.160917
0.096256
0.193955
0.210618
0.212974
0.094052
0.147535
0.128727
0.108932
0.061233
0.102816
0.102552
0.105541
0.068209
0.092365
0.109278
0.121678
0.065763
0.103864
0.095743
0.119925
0.055193
0.114882
0.115337
0.141181
0.080179
0.160900
0.140598
0.181304
0.101840
0.173108
0.161514
0.196304
0.092672
0.160693
0.176360
0.241309
0.125751
0.219279
0.171470
0.207200
0.094624
0.172235
0.159274
0.201678
0.098499
0.180163
0.176419
0.213066
0.095350
0.174763
0.149599
0.193096
0.096279
0.186564
0.155160
0.173023
0.088083
0.172682
0.141642
0.178022
0.093256
0.180784
0.160181
0.192080
0.095561
0.168091
0.141885
0.176244
0.076616
0.126623
0.117755
0.100158
0.073393
0.116987
0.112583
0.133252
0.096507
0.159171
0.125770
0.178944
0.089109
0.186793
0.168700
0.199568
0.091360
0.174057
0.140570
0.157856
0.077210
0.146316
0.140985
0.186401
0.089186
0.159296
0.137017
0.154725
0.074939
0.156167
0.156054
0.179929
0.075335
0.134588
0.120208
0.160140
0.090036
0.160510
0.148247
0.161942
0.078063
0.143311
0.111310
0.122933
0.058187
0.100395
0.083654
0.095019
0.042597
0.100811
0.124498
0.123046
0.068390
0.114441
0.089094
0.087626
0.043835
0.057269
0.067703
0.057849
0.046621
0.063719
0.064510
0.080200
0.044718
0.102282
0.074209
0.078307
0.047468
0.083721
0.085674
0.105862
0.045569
0.107240
0.092531
0.097233
0.058898
0.103703
0.119211
0.115086
0.066364
0.102053
0.111309
0.123977
0.072889
0.117886
0.107493
0.115294
0.049314
0.082786
0.090645
0.111382
0.056297
0.112629
0.101421
0.133879
0.049427
0.111096
0.102477
0.116392
0.052632
0.111768
0.112300
0.126569
0.056387
0.116072
0.119318
0.151496
0.072817
0.153508
0.140744
0.208808
0.091975
0.165812
0.135048
0.156537
0.067535
0.128351
0.107507
0.125470
0.048228
0.090479
0.080364
0.094289
0.043734
0.093673
0.083459
0.104594
0.047779
0.097248
0.069011
0.057726
0.030577
0.061422
0.063630
0.081677
0.044198
0.073714
0.070369
0.084829
0.039487
0.063036
0.064465
0.065833
0.037934
0.075817
0.083207
0.095181
0.050972
0.079609
0.084283
0.094590
0.041518
0.092903
0.097809
0.128457
0.049339
0.115227
0.109180
0.121017
0.058986
0.105631
0.072568
0.101702
0.057127
0.111269
0.110488
0.123052
0.063281
0.134132
0.134386
0.180069
0.075100
0.132070
0.139979
0.113625
0.049598
0.103122
0.097386
0.105957
0.055489
0.122040
0.122912
0.124006
0.059169
0.088771
0.075789
0.114772
0.049412
0.094851
0.100548
0.138565
0.063302
0.104553
0.114125
0.140209
0.062206
0.098691
0.095123
0.108418
0.060015
0.112406
0.093667
0.108745
0.054222
0.100431
0.097631
0.114913
0.049568
0.087628
0.072758
0.085717
0.041173
0.083817
0.080991
0.080070
0.038045
0.065476
0.058481
0.098787
0.059861
0.134640
0.140555
0.169952
0.064981
0.104275
0.106047
0.131930
0.058498
0.103470
0.103363
0.140580
0.072752
0.130898
0.102091
0.104650
0.044495
0.100128
0.089779
0.119547
0.048814
0.102869
0.086219
0.095480
0.041993
0.088147
0.075957
0.089312
0.040209
0.086013
0.078753
0.092539
0.038853
0.089398
0.088908
0.099668
0.038260
0.083649
0.084022
0.118018
0.058101
0.128063
0.097080
0.126764
0.052032
0.123281
0.113521
0.140560
0.063972
0.141306
0.122378
0.124199
0.032695
0.043893
0.058388
0.097003
0.075242
0.263854
0.238873
0.300173
0.099538
0.149715
0.150098
0.194106
