0.995183
0.129573
0.123164
0.112517
0.137272
0.106995
0.109960
0.080938
0.107196
0.100720
0.099810
0.063558
0.090403
0.081790
0.101515
0.068695
0.083456
0.086548
0.094692
0.070350
0.085809
0.081752
0.091921
0.063372
0.085395
0.075202
0.095252
0.062529
0.072655
0.074746
0.091708
0.073946
0.082522
0.080860
0.082443
0.063534
0.084255
0.090909
0.086147
0.066293
0.090311
0.085176
0.092960
0.067525
0.087775
0.081626
0.082939
0.051849
0.072909
0.067880
0.073866
0.051952
0.064717
0.056958
0.072664
0.056845
0.079043
0.071817
0.084685
0.055481
0.080463
0.075330
0.086045
0.052180
0.080820
0.078079
0.089503
0.050364
0.083457
0.092863
0.102577
0.064530
0.087535
0.098534
0.105794
0.088052
0.116627
0.106220
0.121341
0.096751
0.145018
0.127586
0.134390
0.109535
0.140169
0.138295
0.139356
0.102744
0.120818
0.109816
0.122321
0.096077
0.139837
0.132797
0.112738
0.073128
0.092897
0.080397
0.080159
0.064428
0.090174
0.080652
0.078186
0.058055
0.073677
0.070180
0.069282
0.064645
0.082796
0.072457
0.081270
0.071692
0.070203
0.078549
0.090763
0.068774
0.096652
0.077450
0.087630
0.060881
0.100459
0.078587
0.080712
0.063208
0.101360
0.086865
0.102653
0.074839
0.111920
0.084871
0.101143
0.069497
0.092546
0.087459
0.084721
0.061185
0.088072
0.081977
0.088459
0.062773
0.080875
0.070497
0.078348
0.056050
0.063326
0.061470
0.065724
0.050323
0.067958
0.067032
0.070796
0.049026
0.069732
0.062915
0.070864
0.068025
0.081282
0.080556
0.080420
0.065228
0.083311
0.081716
0.088523
0.066813
0.110074
0.096008
0.096055
0.064002
0.106406
0.091899
0.103652
0.072095
0.095661
0.092147
0.093375
0.058378
0.086150
0.085654
0.082264
0.065800
0.083782
0.092991
0.091457
0.061011
0.076730
0.081706
0.080342
0.059551
0.068391
0.062601
0.072619
0.046510
0.062558
0.078038
0.083877
0.056612
0.067140
0.061229
0.082030
0.061204
0.082949
0.086920
0.087460
0.060182
0.085054
0.071897
0.093636
0.060813
0.093491
0.091896
0.097600
0.064965
0.083199
0.080799
0.086820
0.052843
0.075244
0.068609
0.079515
0.059375
0.075392
0.079163
0.081034
0.059006
0.073273
0.074402
0.076009
0.058843
0.075381
0.066121
0.074093
0.052933
0.075055
0.077844
0.089735
0.066146
0.075163
0.086196
0.094637
0.063027
0.082466
0.108683
0.105168
0.081543
0.092433
0.090561
0.086097
0.063152
0.074830
0.083673
0.101100
0.066074
0.101353
0.091518
0.088226
0.068915
0.086327
0.074365
0.081396
0.060964
0.088170
0.075893
0.084866
0.062962
0.086733
0.068358
0.078583
0.058415
0.075923
0.068147
0.068577
0.049795
0.063893
0.057328
0.076688
0.052431
0.068067
0.075537
0.070175
0.061769
0.072348
0.075574
0.078248
0.066061
0.085183
0.084975
0.089915
0.068869
0.091427
0.097329
0.093133
0.065463
0.102401
0.081760
0.080410
0.065912
0.082998
0.084380
0.091026
0.069039
0.096152
0.080856
0.086100
0.061300
0.082204
0.075979
0.084060
0.060416
0.071598
0.061682
0.068477
0.052844
0.080071
0.059018
0.073888
0.055739
0.074526
0.073193
0.080395
0.058338
0.088254
0.076861
0.085206
0.060721
0.093369
0.088083
0.101590
0.065839
0.095793
0.077401
0.084457
0.061161
0.077256
0.067121
0.070481
0.053261
0.072956
0.072357
0.087716
0.055857
0.076325
0.074528
0.069170
0.051320
0.063492
0.065444
0.083718
0.049318
0.068959
0.066360
0.076996
0.060224
0.085493
0.077264
0.086154
0.061793
0.068552
0.060771
0.074627
0.054961
0.081970
0.070438
0.073862
0.059186
0.079817
0.065030
0.080578
0.060408
0.071634
0.061108
0.070956
0.048153
0.066153
0.062304
0.074774
0.055804
0.069965
0.068698
0.078567
0.051024
0.068009
0.059393
0.067820
0.048248
0.068653
0.070432
0.066263
0.043963
0.063230
0.060259
0.060542
0.042806
0.062270
0.060491
0.074615
0.052730
0.064227
0.061398
0.076548
0.062889
0.088411
0.082684
0.090984
0.061687
0.082716
0.080208
0.072688
0.060553
0.078538
0.078375
0.087891
0.061794
0.084252
0.083387
0.081092
0.058965
0.080716
0.069836
0.077080
0.064375
0.075928
0.064883
0.072992
0.044919
0.071651
0.068828
0.066975
0.044937
0.057853
0.054380
0.058439
0.044211
0.061237
0.069988
0.075103
0.060040
0.094017
0.098710
0.104630
0.070751
0.097420
0.095787
0.107262
0.064181
0.093258
0.079720
0.092785
0.067959
0.101238
0.092497
0.090249
0.059635
0.077641
0.067259
0.070259
0.058468
0.076223
0.078958
0.092317
0.064344
0.088269
0.077363
0.090946
0.056833
0.078267
0.073731
0.087234
0.059148
0.085483
0.071364
0.084785
0.055623
0.070896
0.076164
0.075778
0.045522
0.082354
0.076841
0.090110
0.061461
0.080438
0.079253
0.073624
0.062781
0.078266
0.078543
0.094315
0.064459
0.090219
0.080505
0.092362
0.063822
0.092407
0.076936
0.080348
0.048907
0.065040
0.059812
0.071175
