0.358999
0.340330
0.373731
0.236710
0.395457
0.362109
0.385571
0.219829
0.420652
0.387802
0.447510
0.286828
0.462951
0.445883
0.480327
0.297444
0.475597
0.467019
0.501906
0.291433
0.458201
0.442445
0.464546
0.276504
0.439941
0.427530
0.471644
0.256238
0.448608
0.400619
0.470709
0.258750
0.428301
0.388555
0.453260
0.246315
0.449852
0.422146
0.494764
0.255694
0.455822
0.423369
0.491122
0.245839
0.412979
0.395546
0.467691
0.250964
0.437329
0.405915
0.418790
0.226747
0.376343
0.384897
0.437525
0.251996
0.435701
0.417394
0.476950
0.258096
0.419666
0.414023
0.456403
0.269864
0.436296
0.403547
0.448962
0.248042
0.434713
0.415210
0.464175
0.265002
0.450978
0.416863
0.480320
0.274682
0.433422
0.432930
0.498604
0.252505
0.417351
0.380086
0.456280
0.248376
0.440839
0.428396
0.470931
0.260573
0.436612
0.410131
0.423618
0.235595
0.383738
0.381670
0.417756
0.243155
0.417090
0.389085
0.436944
0.247679
0.415750
0.393356
0.411006
0.243933
0.399295
0.385549
0.416256
0.258658
0.431550
0.402111
0.444116
0.265701
0.421771
0.406570
0.448500
0.275273
0.439461
0.426050
0.439183
0.252561
0.415618
0.378737
0.419959
0.243291
0.402230
0.371797
0.436532
0.260942
0.410201
0.370513
0.440561
0.272262
0.475194
0.423567
0.471059
0.264451
0.416460
0.388304
0.444391
0.265774
0.432419
0.411416
0.469105
0.271093
0.463960
0.450144
0.500999
0.259570
0.453970
0.447492
0.507465
0.274454
0.490310
0.422504
0.495221
0.268134
0.486130
0.456898
0.502493
0.303680
0.476180
0.449605
0.485044
0.304854
0.470304
0.430697
0.465966
0.304742
0.469273
0.451641
0.485083
0.302258
0.478529
0.438913
0.488980
0.311548
0.464480
0.441033
0.477432
0.322509
0.471120
0.450585
0.492720
0.310346
0.488872
0.471924
0.514219
0.343305
0.513044
0.503039
0.554409
0.352399
0.535735
0.513137
0.572679
0.358164
0.513577
0.482786
0.538685
0.351286
0.523357
0.477741
0.501010
0.318925
0.473278
0.415780
0.460591
0.275800
0.425479
0.396402
0.465466
0.239924
0.420898
0.404122
0.455903
0.255148
0.431715
0.407591
0.458181
0.253381
0.434691
0.412085
0.429388
0.272954
0.433972
0.424966
0.463671
0.311187
0.452351
0.429864
0.469935
0.314133
0.455190
0.403081
0.437511
0.289192
0.424123
0.408658
0.472021
0.296836
0.468722
0.436261
0.481576
0.282256
0.445175
0.413846
0.457046
0.273301
0.462050
0.437572
0.487660
0.293882
0.502135
0.466316
0.493523
0.286346
0.477912
0.444177
0.473620
0.284047
0.461321
0.434721
0.498139
0.281073
0.427329
0.413753
0.438600
0.261660
0.417678
0.399740
0.460860
0.278363
0.440694
0.414666
0.463951
0.259271
0.395548
0.373719
0.455693
0.227493
0.405334
0.381646
0.449686
0.238341
0.411312
0.381459
0.455163
0.229487
0.428655
0.411012
0.481979
0.253620
0.459989
0.432359
0.490348
0.248181
0.472008
0.457960
0.554303
0.251810
0.519620
0.518456
0.595268
0.259362
0.493880
0.461234
0.495660
0.266855
0.444417
0.443975
0.498548
0.301105
0.487668
0.452835
0.489476
0.311649
0.483567
0.469621
0.523290
0.312320
0.483724
0.465918
0.484363
0.224013
0.417518
0.413764
0.505109
0.250372
0.458670
0.443049
0.514232
0.229202
0.419238
0.421931
0.484177
0.210468
0.408594
0.377485
0.466564
0.248345
0.397334
0.399195
0.437433
0.251272
0.434158
0.447515
0.502468
0.277434
0.454291
0.447523
0.494464
0.284575
0.457935
0.434695
0.505974
0.265359
0.433267
0.419732
0.483520
0.259196
0.451433
0.442045
0.530743
0.270318
0.463167
0.481826
0.560371
0.279477
0.504076
0.512573
0.573248
0.298945
0.517339
0.544815
0.664169
0.341315
0.573465
0.571361
0.596897
0.356991
0.522549
0.476518
0.524550
0.339243
0.510500
0.497362
0.534060
0.335121
0.524994
0.495324
0.544567
0.306031
0.488472
0.473562
0.521030
0.291440
0.471806
0.434457
0.492156
0.298211
0.472463
0.454222
0.520794
0.289415
0.455469
0.415585
0.416057
0.255663
0.423363
0.386387
0.427917
0.286384
0.463619
0.445684
0.491888
0.292632
0.489579
0.449223
0.474709
0.292702
0.458080
0.450649
0.508446
0.271235
0.437799
0.463008
0.512451
0.297048
0.472368
0.433991
0.478917
0.287746
0.483586
0.450332
0.483711
0.281330
0.479126
0.439746
0.467312
0.272591
0.443007
0.421294
0.486836
0.246082
0.435214
0.413180
0.491659
0.263242
0.472397
0.448562
0.500155
0.259067
0.427263
0.419923
0.470399
0.275549
0.446333
0.433412
0.493495
0.281955
0.457850
0.407064
0.503829
0.295118
0.481894
0.432818
0.504191
0.303742
0.483349
0.427345
0.469474
0.268807
0.461086
0.435113
0.483139
0.285296
0.512393
0.493619
0.540422
0.295770
0.505804
0.484958
0.557366
0.330302
0.553992
0.535636
0.579094
0.350585
0.537118
0.487769
0.514401
0.343348
0.510269
0.476554
0.532412
0.322922
0.467091
0.427518
0.473631
