0.995746
0.182584
0.175203
0.145479
0.202848
0.155308
0.171149
0.111674
0.167180
0.152288
0.153264
0.091749
0.140870
0.128652
0.156765
0.099185
0.137377
0.135459
0.153666
0.102874
0.138491
0.131429
0.152155
0.095779
0.140557
0.122515
0.162082
0.097134
0.122538
0.124824
0.154932
0.113410
0.137334
0.137284
0.141860
0.098727
0.142360
0.149485
0.150533
0.106550
0.156467
0.148181
0.165305
0.108873
0.154661
0.142201
0.149944
0.085558
0.132622
0.120648
0.136755
0.086760
0.119419
0.107017
0.136055
0.096528
0.143517
0.132610
0.156526
0.095459
0.145176
0.134927
0.158562
0.090578
0.144215
0.140162
0.162550
0.088195
0.149278
0.161941
0.182298
0.111416
0.155836
0.172155
0.189425
0.148384
0.202798
0.184194
0.213714
0.161246
0.245535
0.218726
0.230551
0.177511
0.234172
0.234454
0.238685
0.172094
0.207291
0.191166
0.216025
0.161880
0.240177
0.227370
0.199368
0.126531
0.164699
0.146273
0.148576
0.113013
0.167398
0.151641
0.147437
0.103496
0.140557
0.133363
0.132604
0.113538
0.154336
0.137838
0.155068
0.126035
0.134161
0.144907
0.169866
0.120439
0.178231
0.145075
0.168172
0.109100
0.188443
0.148775
0.156345
0.113008
0.190240
0.163085
0.197574
0.131977
0.209625
0.159432
0.194072
0.124793
0.177396
0.164826
0.163603
0.110478
0.170350
0.153857
0.172579
0.112505
0.155873
0.134949
0.154525
0.102233
0.124182
0.122681
0.132681
0.092422
0.133098
0.132838
0.137907
0.090314
0.137777
0.124989
0.138587
0.123161
0.155155
0.154233
0.155341
0.117251
0.158577
0.156206
0.172471
0.121840
0.208417
0.181325
0.185560
0.116563
0.201182
0.171434
0.198268
0.129992
0.177236
0.170084
0.180387
0.109685
0.165713
0.162623
0.161944
0.121650
0.159941
0.175139
0.181300
0.112769
0.150491
0.158646
0.162262
0.110144
0.136360
0.122889
0.146684
0.088908
0.126141
0.155910
0.164076
0.104311
0.132101
0.120045
0.162787
0.112705
0.162324
0.167002
0.172821
0.110120
0.163775
0.139091
0.181407
0.111010
0.177584
0.172295
0.188239
0.120731
0.159689
0.154613
0.169347
0.099690
0.147049
0.134732
0.158896
0.110486
0.146688
0.153661
0.162726
0.109552
0.144416
0.143750
0.151566
0.109085
0.147675
0.132835
0.150263
0.099439
0.147067
0.153690
0.177716
0.122437
0.147464
0.165087
0.186414
0.117172
0.159740
0.203132
0.203103
0.146419
0.174029
0.172271
0.169363
0.118999
0.147876
0.160695
0.197986
0.123323
0.193643
0.173819
0.174234
0.127133
0.165782
0.145746
0.162844
0.113765
0.171097
0.146013
0.167087
0.116679
0.165721
0.132584
0.157097
0.108473
0.148670
0.132710
0.140900
0.093105
0.125555
0.115214
0.155300
0.099238
0.136497
0.150485
0.142254
0.115316
0.144527
0.151639
0.158225
0.123938
0.165042
0.168062
0.178066
0.127390
0.176372
0.188469
0.183581
0.121810
0.194364
0.159935
0.165759
0.123298
0.162222
0.166532
0.183494
0.128266
0.188265
0.160094
0.172968
0.113876
0.162935
0.150308
0.170236
0.112231
0.141047
0.123761
0.140525
0.101426
0.156563
0.121850
0.148467
0.104501
0.146886
0.147327
0.162247
0.109650
0.174189
0.151113
0.171931
0.114623
0.181394
0.170919
0.199674
0.122395
0.184095
0.153669
0.171059
0.113692
0.152608
0.133894
0.142430
0.101502
0.144389
0.146920
0.178929
0.106141
0.151027
0.148393
0.142895
0.097563
0.127705
0.135044
0.170687
0.092951
0.138374
0.131600
0.156396
0.112064
0.168451
0.154083
0.173071
0.115193
0.134736
0.122562
0.151025
0.104043
0.164178
0.143089
0.152043
0.112295
0.157265
0.132916
0.165282
0.114748
0.146573
0.124610
0.147840
0.092724
0.137335
0.130724
0.158499
0.105903
0.143052
0.140522
0.164825
0.097401
0.139632
0.121254
0.143385
0.093025
0.140551
0.146770
0.140253
0.085762
0.130218
0.126130
0.128790
0.083488
0.126933
0.127179
0.151946
0.101195
0.130313
0.126429
0.157651
0.119723
0.174092
0.164148
0.184948
0.117193
0.163378
0.159340
0.151136
0.115229
0.156208
0.156135
0.175967
0.117320
0.166954
0.166081
0.164899
0.112994
0.161892
0.140429
0.159799
0.121563
0.152257
0.131628
0.148803
0.088172
0.144864
0.141533
0.140020
0.087096
0.118665
0.112540
0.124366
0.086304
0.125156
0.145664
0.158147
0.112294
0.187056
0.193482
0.213907
0.130344
0.189894
0.189979
0.215931
0.120170
0.183996
0.160659
0.187749
0.127290
0.197887
0.181637
0.184901
0.112594
0.153097
0.136175
0.146442
0.110555
0.152216
0.161594
0.185635
0.121669
0.172721
0.154317
0.184596
0.109680
0.155234
0.147409
0.177448
0.113729
0.169003
0.143325
0.173832
0.107018
0.142953
0.153685
0.158655
0.089149
0.164943
0.154539
0.184544
0.117416
0.162843
0.158136
0.156128
0.119974
0.159933
0.160514
0.194863
0.122943
0.184095
0.163169
0.189431
0.121463
0.184713
0.157472
0.167637
0.094959
0.134754
0.125147
0.153997
