1.000044
0.479116
0.452379
0.338740
0.521660
0.418042
0.453330
0.245558
0.415001
0.397186
0.409634
0.235376
0.382648
0.352734
0.412960
0.247104
0.384025
0.360949
0.412397
0.249315
0.369148
0.357984
0.403526
0.237250
0.371980
0.337613
0.422069
0.236840
0.329212
0.337001
0.405947
0.269125
0.366076
0.368112
0.379895
0.242009
0.373887
0.387265
0.403277
0.247749
0.395745
0.380046
0.413994
0.262043
0.399486
0.380496
0.390334
0.214401
0.356245
0.324651
0.366770
0.219399
0.316770
0.312147
0.369959
0.233408
0.371445
0.352428
0.407536
0.230702
0.378460
0.356608
0.404305
0.221128
0.360729
0.358475
0.412454
0.213886
0.374307
0.397424
0.449119
0.259468
0.389521
0.407783
0.452360
0.316621
0.472672
0.432201
0.476356
0.332852
0.530618
0.467397
0.490331
0.364685
0.502614
0.498850
0.510976
0.351444
0.468947
0.430963
0.482350
0.344925
0.530845
0.505414
0.465946
0.277529
0.407551
0.371658
0.380845
0.267344
0.410675
0.390686
0.390514
0.246287
0.374737
0.348657
0.349034
0.256984
0.390191
0.357784
0.399869
0.285611
0.349428
0.357969
0.411037
0.274726
0.436684
0.376170
0.431245
0.260499
0.456537
0.389994
0.406555
0.265391
0.466027
0.414654
0.470390
0.292363
0.488632
0.406786
0.465378
0.286874
0.452358
0.422062
0.426531
0.259430
0.426868
0.398611
0.441406
0.262984
0.398854
0.361105
0.413241
0.244735
0.340112
0.340964
0.365818
0.231483
0.360874
0.350230
0.376472
0.220614
0.369391
0.340794
0.376017
0.282048
0.398156
0.385118
0.384546
0.271456
0.393053
0.393857
0.432726
0.283179
0.480504
0.439446
0.439866
0.270926
0.467545
0.419751
0.469847
0.295302
0.430185
0.417682
0.444530
0.267283
0.423703
0.414963
0.419644
0.281800
0.413846
0.433098
0.446953
0.273953
0.394052
0.419585
0.425388
0.265803
0.371308
0.338972
0.391841
0.226268
0.354409
0.398964
0.415921
0.251805
0.348655
0.327033
0.417495
0.274248
0.411009
0.415993
0.435614
0.267192
0.414151
0.370390
0.436344
0.270852
0.434896
0.426455
0.448008
0.286926
0.403768
0.392744
0.430637
0.247712
0.380542
0.362453
0.405486
0.266383
0.388151
0.399513
0.413599
0.265057
0.381909
0.384702
0.391651
0.265008
0.386286
0.354533
0.395410
0.248046
0.385954
0.401748
0.441540
0.287284
0.373261
0.419529
0.459355
0.279131
0.409937
0.473361
0.479244
0.322151
0.414413
0.427378
0.424926
0.279568
0.375689
0.400269
0.453010
0.291695
0.455042
0.427236
0.427788
0.296166
0.411487
0.378014
0.410065
0.278221
0.434589
0.384694
0.424407
0.275216
0.417358
0.352445
0.393510
0.267961
0.389332
0.360946
0.373782
0.236417
0.340214
0.323473
0.408092
0.252648
0.361262
0.384285
0.372651
0.270531
0.376351
0.388976
0.397939
0.300654
0.408417
0.422245
0.445540
0.309028
0.439548
0.460028
0.451952
0.288409
0.469197
0.407168
0.428417
0.291323
0.414187
0.422724
0.451738
0.296642
0.458189
0.409758
0.433003
0.275691
0.410984
0.393616
0.411020
0.273010
0.367326
0.335209
0.379847
0.259336
0.407241
0.334262
0.376926
0.260653
0.379167
0.383743
0.410625
0.276647
0.445278
0.390489
0.422588
0.284284
0.442349
0.425304
0.473379
0.296392
0.451071
0.401847
0.433482
0.277723
0.403161
0.361360
0.383800
0.258287
0.380651
0.377372
0.451934
0.269889
0.392139
0.393408
0.385172
0.251269
0.351461
0.367025
0.435458
0.234076
0.368014
0.352210
0.417535
0.273547
0.434282
0.402401
0.435318
0.278201
0.352872
0.334987
0.393163
0.268132
0.418478
0.387626
0.399082
0.278923
0.416400
0.357282
0.426540
0.284431
0.388703
0.356440
0.389184
0.244224
0.384122
0.358392
0.434738
0.260101
0.388986
0.383298
0.434663
0.251314
0.390515
0.348213
0.385911
0.242622
0.379396
0.386982
0.387572
0.227727
0.359873
0.348377
0.358676
0.224481
0.356143
0.340621
0.393682
0.251792
0.348994
0.336565
0.394591
0.292023
0.437202
0.415983
0.444013
0.291687
0.408167
0.411657
0.395247
0.288738
0.407125
0.410995
0.439380
0.292928
0.425098
0.423641
0.430763
0.283800
0.419888
0.376658
0.416729
0.300784
0.406537
0.358868
0.396269
0.238549
0.382533
0.385762
0.385880
0.232091
0.332065
0.318177
0.346121
0.232678
0.357457
0.379689
0.403186
0.279068
0.448907
0.470340
0.510415
0.296563
0.457608
0.461838
0.493637
0.290137
0.445230
0.409975
0.450168
0.309258
0.486975
0.442730
0.450000
0.276454
0.391965
0.374540
0.385643
0.280843
0.405210
0.422405
0.465531
0.291886
0.439967
0.403767
0.460317
0.271731
0.398958
0.393301
0.443242
0.283364
0.428684
0.382931
0.434922
0.273715
0.381380
0.407154
0.418771
0.237881
0.426704
0.416686
0.461088
0.286514
0.410815
0.422640
0.401909
0.294584
0.419484
0.414229
0.488818
0.296482
0.462686
0.422387
0.467685
0.288084
0.455352
0.415278
0.432246
0.247536
0.362428
0.348093
0.410409
