0.999912
0.311910
0.303905
0.228798
0.351422
0.266787
0.301555
0.171474
0.280060
0.258994
0.267249
0.151813
0.246749
0.223244
0.271746
0.160793
0.242459
0.236751
0.269654
0.163584
0.238792
0.229408
0.261193
0.156997
0.245243
0.214258
0.276910
0.156660
0.213728
0.217544
0.268070
0.179990
0.237335
0.240651
0.248820
0.161593
0.244583
0.255904
0.265276
0.168980
0.266612
0.251703
0.279999
0.175707
0.265279
0.246754
0.261092
0.139207
0.230102
0.211026
0.238227
0.142480
0.204511
0.190404
0.238384
0.156076
0.246077
0.227222
0.267869
0.154054
0.248463
0.232425
0.270754
0.148581
0.241927
0.235861
0.278358
0.142607
0.246734
0.267135
0.301257
0.178691
0.257586
0.281725
0.312361
0.229695
0.327120
0.301295
0.340324
0.238863
0.381945
0.337882
0.352319
0.270223
0.367865
0.361744
0.370910
0.258317
0.332163
0.305026
0.346564
0.248962
0.379493
0.362349
0.325502
0.195254
0.271058
0.246390
0.253808
0.182568
0.280683
0.256868
0.261629
0.167749
0.241400
0.229917
0.230924
0.177833
0.260048
0.235070
0.264691
0.200476
0.229826
0.242734
0.280526
0.191960
0.299501
0.249937
0.287172
0.178167
0.311412
0.258209
0.273285
0.182138
0.320814
0.278636
0.332066
0.207212
0.341728
0.266447
0.325344
0.199146
0.304469
0.279515
0.286568
0.179539
0.291684
0.267280
0.296794
0.181704
0.265886
0.236644
0.270061
0.168180
0.219015
0.218263
0.236233
0.154232
0.233557
0.233479
0.247547
0.148834
0.241879
0.221053
0.243484
0.196876
0.266395
0.261036
0.267633
0.188503
0.268244
0.269529
0.295190
0.196156
0.337745
0.304428
0.307780
0.189933
0.328274
0.288430
0.333727
0.206271
0.293413
0.283569
0.301220
0.179502
0.281860
0.279160
0.280611
0.196701
0.273872
0.302781
0.308196
0.184345
0.260437
0.276630
0.286000
0.181450
0.239837
0.220340
0.262132
0.149030
0.227562
0.267552
0.282681
0.171065
0.229285
0.214836
0.284104
0.184976
0.275812
0.286502
0.297923
0.180428
0.276856
0.243265
0.310860
0.181204
0.301444
0.288372
0.318347
0.196632
0.270900
0.262331
0.289816
0.166949
0.253578
0.239562
0.271304
0.180657
0.252797
0.266968
0.277712
0.181020
0.249238
0.251232
0.268106
0.178961
0.255366
0.236122
0.263440
0.165424
0.256397
0.265651
0.305310
0.196196
0.251678
0.280412
0.314315
0.190413
0.269218
0.334379
0.336330
0.229902
0.287006
0.289642
0.289166
0.192716
0.248668
0.273847
0.325316
0.199966
0.316693
0.294280
0.293810
0.205540
0.277256
0.249907
0.279838
0.187240
0.290446
0.258661
0.283716
0.189921
0.283107
0.235448
0.268024
0.178430
0.255141
0.236341
0.243921
0.154942
0.221052
0.207523
0.267302
0.168452
0.235815
0.257221
0.247300
0.184855
0.247873
0.260989
0.270906
0.200198
0.271362
0.287628
0.299616
0.209856
0.296023
0.315475
0.311465
0.198032
0.320681
0.275742
0.288759
0.198684
0.279244
0.283482
0.310819
0.204617
0.311795
0.279613
0.295544
0.185277
0.277820
0.257908
0.285846
0.183545
0.240754
0.223941
0.247680
0.170944
0.271938
0.216072
0.257397
0.172066
0.252098
0.254014
0.276066
0.182847
0.294531
0.266334
0.290687
0.188164
0.298879
0.295484
0.335335
0.199148
0.307866
0.266684
0.297623
0.186473
0.263099
0.237792
0.251723
0.170988
0.250764
0.254096
0.309431
0.177357
0.260583
0.260487
0.254534
0.165705
0.225569
0.241247
0.292286
0.156028
0.241032
0.232459
0.276467
0.185428
0.292122
0.274096
0.300487
0.188402
0.234418
0.218018
0.267898
0.176946
0.282396
0.253325
0.269797
0.186126
0.272576
0.234618
0.287435
0.189020
0.256249
0.226135
0.262279
0.158459
0.246704
0.235204
0.288486
0.173181
0.253295
0.253978
0.292043
0.163233
0.249043
0.224286
0.256838
0.156581
0.246611
0.259454
0.254490
0.146738
0.232879
0.228452
0.232724
0.143718
0.226972
0.224080
0.261355
0.168413
0.226028
0.223276
0.270681
0.197395
0.296343
0.285324
0.312012
0.194219
0.275905
0.279223
0.264858
0.190706
0.269286
0.274461
0.299046
0.195697
0.285943
0.289020
0.286127
0.189509
0.277885
0.252683
0.278286
0.200378
0.266535
0.236496
0.261839
0.151648
0.248672
0.250973
0.251789
0.150262
0.212781
0.204707
0.225421
0.147466
0.223622
0.255087
0.271704
0.185239
0.307002
0.327942
0.354986
0.208147
0.314163
0.321051
0.355746
0.197400
0.304460
0.276104
0.314797
0.207412
0.330239
0.305984
0.311114
0.185305
0.262400
0.240731
0.254262
0.185062
0.263433
0.281405
0.316924
0.197093
0.291119
0.270767
0.316370
0.181520
0.266182
0.260166
0.300084
0.188982
0.288586
0.251616
0.302236
0.177631
0.248217
0.267976
0.278141
0.152583
0.281784
0.274148
0.322355
0.192997
0.277652
0.277791
0.271714
0.197578
0.275486
0.287633
0.328912
0.201011
0.311440
0.282895
0.326018
0.196571
0.312479
0.275685
0.296363
0.160124
0.237140
0.225551
0.272258
