1.000000
0.135286
0.124549
0.111398
0.142361
0.116038
0.125774
0.090734
0.121931
0.112521
0.117069
0.075456
0.113693
0.098796
0.129790
0.084575
0.097167
0.102650
0.105644
0.080530
0.101720
0.114018
0.125613
0.081635
0.113533
0.092127
0.117773
0.074130
0.083501
0.091734
0.106844
0.088945
0.094308
0.100628
0.097890
0.078199
0.093265
0.098190
0.094659
0.075420
0.103764
0.097727
0.110702
0.080671
0.106700
0.103921
0.105690
0.068806
0.101877
0.090254
0.098301
0.070104
0.089146
0.075985
0.090778
0.070116
0.087305
0.089378
0.099884
0.065766
0.103952
0.103672
0.114830
0.070773
0.109585
0.103123
0.109495
0.059774
0.101729
0.108230
0.124982
0.076109
0.102076
0.123541
0.126076
0.099145
0.125288
0.104668
0.132228
0.101299
0.152390
0.143032
0.155334
0.128098
0.151801
0.131672
0.143922
0.110588
0.126017
0.123091
0.135034
0.106166
0.152726
0.153964
0.127618
0.080512
0.102158
0.093512
0.091490
0.073990
0.101285
0.092001
0.091052
0.071449
0.093092
0.084437
0.085574
0.075169
0.086108
0.081294
0.101075
0.091561
0.082547
0.093207
0.104120
0.088019
0.110177
0.087692
0.098470
0.064629
0.109356
0.092005
0.097873
0.074802
0.108725
0.092281
0.113673
0.089477
0.130087
0.099023
0.111425
0.076333
0.100103
0.094867
0.094489
0.072335
0.098630
0.091164
0.095929
0.064862
0.081827
0.074896
0.091490
0.066851
0.071727
0.072417
0.079361
0.061277
0.081446
0.082449
0.085230
0.058691
0.079836
0.074037
0.090035
0.096959
0.100081
0.089239
0.098872
0.076877
0.091394
0.089617
0.101490
0.077302
0.119732
0.113712
0.115453
0.090780
0.131917
0.125053
0.131100
0.094227
0.125038
0.123214
0.116622
0.074031
0.102648
0.115748
0.115048
0.094210
0.112372
0.113672
0.111408
0.079039
0.099318
0.109874
0.110894
0.086670
0.092701
0.078654
0.093937
0.061687
0.079177
0.105726
0.105352
0.066208
0.080937
0.072944
0.095540
0.077499
0.107401
0.118417
0.114947
0.099340
0.119971
0.095404
0.111194
0.081230
0.127668
0.115168
0.114160
0.084837
0.108593
0.098039
0.109299
0.068617
0.097704
0.094844
0.100294
0.081216
0.101788
0.104895
0.111677
0.076438
0.091663
0.089557
0.089054
0.074391
0.100100
0.094557
0.099707
0.074952
0.098460
0.109613
0.118147
0.084738
0.099928
0.102482
0.117413
0.077270
0.094863
0.135077
0.127554
0.110988
0.125169
0.129861
0.111486
0.088832
0.101171
0.108306
0.121773
0.086672
0.117517
0.113719
0.108635
0.087549
0.100699
0.090987
0.100592
0.092216
0.136308
0.118783
0.127383
0.094969
0.126605
0.091883
0.098447
0.078009
0.097515
0.081072
0.086019
0.063845
0.078091
0.070600
0.100669
0.065647
0.079921
0.090351
0.077906
0.070340
0.080836
0.084675
0.099278
0.080346
0.099220
0.104980
0.102643
0.077299
0.099628
0.108390
0.107492
0.076442
0.108735
0.100362
0.093524
0.083843
0.097445
0.104512
0.113723
0.086330
0.118391
0.098104
0.106115
0.079532
0.104381
0.099592
0.107950
0.077827
0.086118
0.080097
0.088472
0.071105
0.115342
0.073584
0.093371
0.091649
0.116934
0.103816
0.117026
0.077209
0.119749
0.096629
0.112088
0.087379
0.127198
0.115205
0.135386
0.090388
0.126618
0.101653
0.109946
0.081677
0.093743
0.080967
0.094096
0.069122
0.087028
0.096175
0.108361
0.070224
0.090651
0.091142
0.083137
0.064170
0.072378
0.067435
0.090350
0.058222
0.082895
0.081629
0.090308
0.068580
0.097786
0.090431
0.114004
0.091007
0.094349
0.078672
0.093239
0.070133
0.101645
0.085872
0.089989
0.070285
0.088290
0.080452
0.098521
0.072965
0.084847
0.076451
0.089696
0.062434
0.078543
0.072849
0.091283
0.067372
0.079956
0.079438
0.091726
0.060170
0.078066
0.069091
0.087124
0.060451
0.080649
0.089681
0.081215
0.054365
0.073105
0.073318
0.077935
0.058376
0.080953
0.078886
0.101228
0.073832
0.085434
0.077867
0.097073
0.085189
0.108598
0.094979
0.094641
0.076760
0.105023
0.093218
0.085430
0.067855
0.086281
0.098942
0.108416
0.083247
0.112927
0.114872
0.113412
0.078728
0.115576
0.105793
0.104684
0.098998
0.128863
0.113458
0.121929
0.067869
0.103066
0.096471
0.085454
0.058196
0.073057
0.069496
0.078240
0.059636
0.076942
0.089921
0.094298
0.067309
0.103148
0.107356
0.112949
0.087468
0.120055
0.122372
0.127236
0.080665
0.116644
0.091227
0.103987
0.089160
0.117793
0.107452
0.104268
0.077320
0.098293
0.082699
0.076542
0.070177
0.079833
0.083506
0.096507
0.074327
0.101181
0.083205
0.108605
0.072059
0.091477
0.088523
0.098679
0.075622
0.104446
0.081767
0.098726
0.067183
0.086344
0.093024
0.090342
0.056760
0.109489
0.100361
0.124623
0.086815
0.106904
0.108180
0.091066
0.079983
0.094712
0.089610
0.113508
0.084137
0.106748
0.096999
0.114714
0.082579
0.112682
0.097950
0.101232
0.060274
0.078918
0.075766
0.092302
