0.580812
0.581829
0.679033
0.445622
0.713067
0.640143
0.674892
0.280256
0.592165
0.567943
0.676250
0.411004
0.732228
0.664058
0.696147
0.419774
0.718761
0.687547
0.746520
0.401876
0.614668
0.671278
0.750772
0.440700
0.724051
0.711427
0.754033
0.449609
0.757414
0.702193
0.768490
0.449287
0.761833
0.705802
0.786571
0.371175
0.687794
0.693158
0.787919
0.348015
0.627474
0.613326
0.681357
0.358852
0.567746
0.569524
0.608006
0.296430
0.517338
0.516942
0.587119
0.240669
0.478298
0.500919
0.526587
0.224301
0.436733
0.429872
0.533721
0.198726
0.329575
0.324913
0.478948
0.235193
0.520795
0.437443
0.552035
0.240599
0.592540
0.543015
0.538998
0.201907
0.394027
0.406347
0.574571
0.235873
0.492608
0.437807
0.534511
0.201305
0.443226
0.430244
0.538722
0.237953
0.448554
0.397008
0.460560
0.217204
0.416777
0.393150
0.428626
0.236594
0.429729
0.430209
0.509192
0.253548
0.483204
0.496108
0.495140
0.228683
0.373490
0.389255
0.489829
0.263430
0.442576
0.443684
0.568999
0.266214
0.402858
0.368822
0.446659
0.246914
0.463203
0.448095
0.441637
0.220757
0.465204
0.436798
0.471997
0.240814
0.429785
0.416773
0.501208
0.316569
0.534366
0.527059
0.593136
0.323996
0.544414
0.536670
0.527138
0.254143
0.386484
0.331931
0.392983
0.233111
0.390419
0.372279
0.465456
0.234254
0.450048
0.432032
0.474569
0.239397
0.392322
0.437437
0.470512
0.265717
0.515060
0.525278
0.530185
0.246294
0.406697
0.399444
0.341825
0.189391
0.324420
0.324209
0.355520
0.207386
0.312369
0.368090
0.411863
0.207121
0.356298
0.325008
0.411110
0.182181
0.370505
0.361966
0.430918
0.235459
0.457816
0.425710
0.531573
0.274612
0.487802
0.469002
0.532635
0.263926
0.463020
0.506016
0.616741
0.313024
0.543086
0.479727
0.532651
0.268827
0.459618
0.474448
0.551605
0.280588
0.486820
0.496334
0.567340
0.269321
0.462681
0.445470
0.522611
0.276538
0.500261
0.451875
0.497854
0.252428
0.472346
0.433984
0.513864
0.267389
0.510914
0.478908
0.545602
0.265231
0.484576
0.442126
0.509493
0.234121
0.391188
0.367916
0.339936
0.231775
0.367401
0.359685
0.414002
0.284148
0.453299
0.397143
0.513654
0.262167
0.504888
0.481086
0.547404
0.264486
0.483781
0.430140
0.469858
0.233822
0.423046
0.429682
0.518889
0.263310
0.440492
0.430399
0.469963
0.224914
0.448394
0.453441
0.512673
0.228095
0.396415
0.394126
0.488578
0.253628
0.447482
0.433453
0.478130
0.235688
0.413536
0.365646
0.386994
0.198819
0.317459
0.291854
0.338019
0.167136
0.341012
0.393408
0.394990
0.216817
0.359668
0.303094
0.305394
0.149062
0.217418
0.262019
0.229821
0.167345
0.226577
0.250845
0.290935
0.166588
0.369992
0.266081
0.294300
0.164907
0.313239
0.319778
0.376392
0.158855
0.354677
0.330831
0.332927
0.175883
0.348498
0.376977
0.381248
0.183759
0.322258
0.356020
0.406643
0.204260
0.365669
0.350641
0.399513
0.150984
0.293594
0.314566
0.385861
0.185890
0.372562
0.345177
0.450344
0.163052
0.384253
0.361484
0.426932
0.166710
0.372925
0.383243
0.445887
0.184434
0.376413
0.389262
0.469817
0.220920
0.453027
0.449328
0.564387
0.249763
0.482538
0.428065
0.498126
0.201358
0.397822
0.374330
0.423898
0.160955
0.313324
0.284658
0.366172
0.154498
0.346847
0.321012
0.379700
0.159940
0.339486
0.259878
0.232434
0.114175
0.238826
0.254489
0.316569
0.152984
0.278586
0.270417
0.315004
0.143183
0.230002
0.249425
0.262623
0.141587
0.279239
0.311509
0.337129
0.178583
0.286942
0.311830
0.354748
0.156632
0.336750
0.350811
0.446330
0.156279
0.371516
0.343044
0.399434
0.169645
0.348081
0.267568
0.359351
0.174972
0.381773
0.359836
0.398606
0.192039
0.410322
0.413453
0.526008
0.214280
0.409894
0.441207
0.379206
0.156348
0.332151
0.328886
0.372436
0.179909
0.406435
0.395976
0.432426
0.180969
0.297554
0.267833
0.390116
0.174546
0.309057
0.346062
0.440850
0.201453
0.327165
0.365057
0.437282
0.206257
0.328747
0.313332
0.360103
0.207789
0.382985
0.311487
0.368361
0.180502
0.341802
0.327422
0.388194
0.170952
0.318911
0.269581
0.318872
0.143993
0.308903
0.297570
0.306629
0.137446
0.255559
0.229190
0.361679
0.190075
0.416759
0.407137
0.519683
0.198016
0.364772
0.366850
0.447371
0.181223
0.364274
0.348022
0.454268
0.205809
0.439502
0.362176
0.385701
0.152266
0.348929
0.341308
0.439037
0.156264
0.378431
0.311570
0.360545
0.141572
0.329867
0.280452
0.343175
0.142819
0.317213
0.292858
0.342869
0.140266
0.295630
0.307609
0.354562
0.140711
0.289400
0.290219
0.396830
0.178365
0.406004
0.326141
0.416927
0.158962
0.388149
0.365764
0.454744
0.171506
0.424770
0.405028
0.417613
0.103453
0.147259
0.204015
0.346332
0.224000
0.667323
0.574550
0.668575
0.230615
0.437041
0.440769
0.558577
