1.000000
0.486068
0.459567
0.327802
0.524575
0.427421
0.480310
0.264017
0.459956
0.424513
0.449793
0.259638
0.436159
0.398535
0.483855
0.275326
0.416524
0.400218
0.442430
0.266267
0.405059
0.437231
0.490770
0.271705
0.441140
0.377921
0.470188
0.262065
0.357070
0.383990
0.448328
0.293207
0.394373
0.414460
0.421403
0.269493
0.393713
0.392937
0.423107
0.261707
0.428127
0.404213
0.449162
0.285605
0.442989
0.435893
0.447570
0.251563
0.429835
0.387470
0.431977
0.257617
0.392810
0.372285
0.411115
0.258778
0.385098
0.395303
0.448642
0.246423
0.434601
0.420768
0.479295
0.261208
0.432546
0.414694
0.459306
0.232022
0.411412
0.424881
0.486135
0.280226
0.421561
0.454125
0.481585
0.334530
0.476005
0.417362
0.485193
0.329200
0.528908
0.498845
0.522579
0.385715
0.516530
0.480649
0.516501
0.351582
0.473850
0.455352
0.500348
0.351501
0.540289
0.538012
0.495474
0.285052
0.421900
0.404954
0.412214
0.279610
0.434272
0.410894
0.414230
0.273544
0.426941
0.383116
0.387483
0.273819
0.389509
0.373257
0.455848
0.321602
0.389928
0.387090
0.419754
0.310728
0.470335
0.395412
0.449612
0.261071
0.475100
0.421193
0.441627
0.281680
0.473165
0.416459
0.498954
0.315671
0.519473
0.432209
0.479695
0.291361
0.460502
0.428776
0.449330
0.275638
0.444341
0.414871
0.451220
0.260562
0.385527
0.369807
0.446724
0.265062
0.361655
0.365341
0.403723
0.249738
0.395497
0.383533
0.408412
0.237001
0.395247
0.371022
0.426679
0.332390
0.454035
0.392505
0.426586
0.285204
0.410125
0.402575
0.467303
0.293316
0.486859
0.469278
0.473754
0.322680
0.513491
0.489386
0.513059
0.333208
0.485415
0.478469
0.479467
0.294579
0.451059
0.478651
0.491453
0.333903
0.483570
0.466473
0.483077
0.301627
0.448018
0.482928
0.499252
0.317632
0.438131
0.371235
0.437467
0.259483
0.393293
0.462472
0.469079
0.259830
0.376888
0.341566
0.441397
0.302480
0.470926
0.477308
0.488663
0.340192
0.488641
0.421791
0.458847
0.309876
0.511725
0.461175
0.481345
0.311544
0.456545
0.418953
0.475403
0.278741
0.444952
0.418534
0.447169
0.305601
0.457530
0.450510
0.487881
0.294891
0.439983
0.405648
0.418162
0.288178
0.448569
0.423184
0.464761
0.290034
0.441574
0.463249
0.499333
0.314482
0.427910
0.441082
0.495298
0.298907
0.429992
0.503799
0.518590
0.359863
0.485551
0.490849
0.467459
0.327873
0.435066
0.446064
0.483396
0.322502
0.482528
0.459353
0.464678
0.329281
0.433427
0.407683
0.453507
0.333778
0.537634
0.480440
0.505248
0.335541
0.500833
0.405215
0.428033
0.305967
0.441234
0.382055
0.410189
0.259037
0.375352
0.347407
0.454325
0.273092
0.380261
0.404271
0.376605
0.271922
0.385050
0.392846
0.446490
0.315131
0.433462
0.443183
0.452419
0.310318
0.446379
0.464612
0.474047
0.300924
0.465200
0.438085
0.451901
0.319103
0.450773
0.454664
0.491861
0.316994
0.500411
0.427726
0.464967
0.307760
0.460575
0.440305
0.454790
0.295850
0.384174
0.377627
0.429033
0.287784
0.490318
0.351658
0.405895
0.329899
0.498543
0.446208
0.495229
0.299014
0.513463
0.419639
0.476560
0.323061
0.508941
0.469838
0.522623
0.330466
0.512277
0.447268
0.487525
0.301834
0.425882
0.377865
0.440193
0.283051
0.404159
0.431365
0.492584
0.287980
0.418188
0.415834
0.410244
0.268536
0.364626
0.346697
0.424051
0.240918
0.391428
0.375647
0.441371
0.272673
0.458814
0.417978
0.501442
0.320484
0.414591
0.370681
0.441498
0.286480
0.454441
0.415607
0.440481
0.282746
0.415129
0.391384
0.474491
0.293490
0.418440
0.392717
0.445878
0.264600
0.417250
0.372403
0.469969
0.270549
0.409995
0.394968
0.470916
0.255418
0.410626
0.358210
0.423165
0.260371
0.405145
0.428956
0.419392
0.240256
0.379503
0.376155
0.400566
0.252238
0.402380
0.375650
0.454520
0.283207
0.399557
0.357211
0.439998
0.323583
0.479899
0.426931
0.432031
0.304447
0.451135
0.426591
0.419156
0.282890
0.399229
0.447003
0.470472
0.326466
0.482022
0.485728
0.497002
0.315713
0.500584
0.459962
0.481511
0.348719
0.533925
0.479386
0.509289
0.284875
0.464092
0.448193
0.429636
0.255487
0.371841
0.350813
0.406396
0.254774
0.389448
0.412243
0.437141
0.267794
0.449958
0.455877
0.504962
0.318626
0.497201
0.492283
0.512341
0.308774
0.481361
0.405231
0.458227
0.334964
0.507100
0.447136
0.456087
0.300550
0.434357
0.393351
0.385481
0.290448
0.389291
0.409713
0.458756
0.298849
0.459452
0.402343
0.500880
0.291000
0.424960
0.414572
0.454006
0.310569
0.464099
0.395149
0.457340
0.285507
0.412949
0.439951
0.448857
0.253085
0.481308
0.453787
0.537175
0.320400
0.465457
0.475732
0.430584
0.319585
0.448030
0.426120
0.509702
0.322660
0.487243
0.448370
0.506496
0.313848
0.486937
0.451163
0.480527
0.259498
0.383028
0.382457
0.456247
