0.165318
0.152936
0.164083
0.118287
0.173860
0.151889
0.160020
0.115869
0.195969
0.176301
0.199740
0.154616
0.227822
0.209848
0.214392
0.159727
0.227296
0.211351
0.224045
0.156610
0.211338
0.195041
0.191705
0.137652
0.179010
0.168994
0.172565
0.122642
0.175311
0.156346
0.178330
0.122597
0.162035
0.144326
0.160694
0.112793
0.169123
0.158167
0.181453
0.117830
0.172887
0.156187
0.171609
0.102061
0.145579
0.132432
0.157931
0.098927
0.166606
0.140214
0.144949
0.084334
0.135476
0.133199
0.150104
0.091650
0.157258
0.137881
0.158801
0.093317
0.152551
0.142795
0.164049
0.091494
0.160622
0.128088
0.139747
0.076086
0.152252
0.141299
0.161808
0.087789
0.167588
0.144496
0.176916
0.091610
0.151026
0.144478
0.176509
0.092400
0.152837
0.130012
0.159537
0.096783
0.164027
0.157214
0.166901
0.106970
0.164438
0.146533
0.144861
0.089928
0.139023
0.133828
0.139059
0.096473
0.150633
0.137009
0.151435
0.098346
0.149970
0.138280
0.142883
0.095609
0.140734
0.133876
0.141770
0.102778
0.162294
0.141897
0.159748
0.105872
0.156843
0.144632
0.164709
0.108473
0.161196
0.151238
0.153733
0.098031
0.147189
0.129770
0.144580
0.090931
0.140588
0.126279
0.150567
0.100409
0.144918
0.125646
0.158375
0.110271
0.183654
0.157729
0.173185
0.111216
0.153083
0.139260
0.159877
0.106145
0.158866
0.140613
0.160439
0.104883
0.167727
0.149533
0.167365
0.091721
0.157940
0.140891
0.157929
0.090012
0.173528
0.132978
0.159329
0.083536
0.175884
0.154315
0.177464
0.093712
0.175545
0.151444
0.169186
0.092188
0.168342
0.140763
0.163791
0.089842
0.169453
0.149889
0.172747
0.094423
0.176844
0.152253
0.179010
0.103730
0.175681
0.157863
0.175728
0.104773
0.177201
0.158648
0.179037
0.100905
0.184029
0.168961
0.192392
0.113308
0.204519
0.189449
0.209990
0.115374
0.217176
0.191178
0.219699
0.116934
0.207110
0.172187
0.201169
0.110360
0.213201
0.168389
0.181986
0.097185
0.180312
0.140867
0.157220
0.090808
0.143457
0.119951
0.147873
0.091070
0.152372
0.135944
0.153313
0.097865
0.154195
0.136818
0.158100
0.098028
0.163006
0.146157
0.154469
0.105544
0.170159
0.159906
0.179501
0.126607
0.190466
0.168674
0.184999
0.125563
0.184356
0.147981
0.158132
0.112456
0.158091
0.145000
0.168073
0.117349
0.177424
0.154848
0.169550
0.109326
0.164272
0.142538
0.156705
0.106686
0.173743
0.156515
0.178820
0.118094
0.197328
0.172350
0.180149
0.118830
0.188754
0.162817
0.173029
0.115948
0.178633
0.162078
0.189042
0.119537
0.165306
0.153520
0.153791
0.109152
0.161053
0.150316
0.180259
0.129717
0.183674
0.166898
0.178137
0.116460
0.149926
0.135710
0.150350
0.097507
0.143672
0.129107
0.147858
0.103112
0.146380
0.126336
0.146375
0.100056
0.157477
0.142311
0.161841
0.114565
0.167860
0.150057
0.161346
0.106215
0.160766
0.142296
0.170268
0.097569
0.163946
0.151230
0.177342
0.092761
0.178390
0.157114
0.165255
0.078037
0.157953
0.146131
0.172713
0.095030
0.179204
0.158174
0.182558
0.099099
0.188151
0.171682
0.197326
0.105829
0.180997
0.151888
0.143202
0.088141
0.146813
0.138447
0.165073
0.116106
0.170046
0.160770
0.172166
0.109429
0.162337
0.155657
0.154650
0.105318
0.163999
0.142245
0.167312
0.129224
0.162928
0.157791
0.158477
0.132615
0.190983
0.191248
0.208051
0.153395
0.209866
0.200110
0.207285
0.149883
0.204321
0.182600
0.209377
0.136144
0.190602
0.173434
0.188917
0.124956
0.180182
0.174028
0.193105
0.131821
0.186044
0.170473
0.193175
0.133942
0.198226
0.183218
0.208786
0.128636
0.209058
0.206670
0.250349
0.139556
0.251899
0.227387
0.247005
0.121456
0.243348
0.188475
0.207750
0.125013
0.224299
0.194570
0.208700
0.135752
0.230211
0.194513
0.205836
0.129847
0.201633
0.177178
0.191875
0.122583
0.188138
0.156460
0.177589
0.117246
0.183003
0.160262
0.189388
0.113712
0.174718
0.149241
0.140483
0.088969
0.156290
0.131769
0.145079
0.106077
0.176933
0.155405
0.179268
0.106238
0.177958
0.159199
0.170889
0.099171
0.176143
0.151715
0.166796
0.090528
0.152720
0.142936
0.171778
0.098920
0.165949
0.142500
0.161860
0.090450
0.179886
0.153705
0.170094
0.100631
0.185897
0.148380
0.159292
0.093094
0.154609
0.130160
0.155104
0.086717
0.149146
0.133244
0.162918
0.099227
0.172464
0.154115
0.177017
0.101007
0.162617
0.150394
0.169867
0.108373
0.172492
0.158239
0.183720
0.109442
0.172305
0.145334
0.190496
0.115942
0.189230
0.158806
0.181909
0.116404
0.188833
0.147012
0.158754
0.099427
0.171248
0.142779
0.168686
0.101523
0.192975
0.170026
0.191317
0.107343
0.203214
0.178982
0.219863
0.108409
0.234617
0.206469
0.233686
0.118599
0.238071
0.184816
0.199097
0.110261
0.212695
0.177488
0.212953
0.115475
0.181591
0.146558
0.159512
