0.151812
0.144289
0.186877
0.156426
0.208016
0.161282
0.172068
0.111534
0.147735
0.135978
0.173516
0.145247
0.212304
0.192333
0.196348
0.153683
0.215346
0.193368
0.203288
0.146696
0.166502
0.175222
0.206574
0.154630
0.223735
0.202236
0.229516
0.176020
0.247178
0.215286
0.230059
0.165134
0.223541
0.196869
0.213101
0.131814
0.181922
0.175062
0.204194
0.116526
0.155613
0.139628
0.163851
0.104850
0.133690
0.118194
0.132606
0.074528
0.097889
0.085889
0.096216
0.047163
0.079507
0.073121
0.081169
0.039199
0.067961
0.061283
0.073137
0.037649
0.046388
0.043920
0.066201
0.040618
0.078562
0.059214
0.080886
0.050224
0.105151
0.087934
0.080297
0.034740
0.056902
0.047750
0.072198
0.039785
0.071803
0.054316
0.075874
0.035171
0.069220
0.063778
0.085364
0.043162
0.072603
0.058302
0.070547
0.036417
0.066312
0.053164
0.065261
0.041359
0.067213
0.061940
0.077484
0.049651
0.084768
0.078959
0.079698
0.040414
0.058398
0.058922
0.073488
0.048249
0.072372
0.072607
0.097923
0.050311
0.065406
0.053689
0.068300
0.039230
0.072479
0.068435
0.068315
0.037469
0.080068
0.067030
0.078287
0.042586
0.072747
0.067248
0.088850
0.064913
0.104941
0.097439
0.120605
0.072438
0.113668
0.104422
0.097865
0.046463
0.061532
0.047827
0.058190
0.036303
0.054715
0.049867
0.071246
0.037983
0.070498
0.061742
0.071521
0.041886
0.058880
0.068173
0.075511
0.049958
0.091818
0.102913
0.104729
0.049680
0.071214
0.062094
0.051262
0.031042
0.051093
0.045818
0.049343
0.032439
0.042207
0.046296
0.053102
0.031343
0.045773
0.038255
0.050329
0.026605
0.051438
0.048481
0.060612
0.040208
0.073806
0.059829
0.084238
0.051684
0.076537
0.072299
0.088363
0.046285
0.071922
0.079402
0.110777
0.064347
0.102721
0.078369
0.090505
0.047240
0.076836
0.070963
0.091959
0.048525
0.081360
0.077955
0.096457
0.047055
0.078472
0.067455
0.086290
0.047739
0.085180
0.071122
0.077753
0.043826
0.076365
0.061147
0.080448
0.046039
0.082947
0.073060
0.087066
0.047086
0.076641
0.064500
0.079995
0.037689
0.058210
0.051036
0.043443
0.034765
0.054234
0.048472
0.058380
0.046828
0.074718
0.053026
0.080088
0.043668
0.084301
0.075912
0.087967
0.045789
0.079030
0.062823
0.068384
0.037168
0.065267
0.059563
0.081654
0.043863
0.069025
0.059674
0.067605
0.035888
0.067028
0.067464
0.081011
0.035912
0.057308
0.051803
0.070495
0.044570
0.070922
0.063058
0.071562
0.038244
0.062402
0.047883
0.053521
0.027549
0.042591
0.034216
0.041165
0.019560
0.046530
0.050988
0.055072
0.033100
0.049178
0.037541
0.038195
0.021000
0.024814
0.027243
0.024087
0.023040
0.029072
0.027061
0.034962
0.021051
0.046053
0.030612
0.033176
0.022597
0.035680
0.033742
0.045020
0.021485
0.046604
0.038222
0.042096
0.029616
0.046871
0.053918
0.053610
0.033800
0.046811
0.051268
0.059741
0.038260
0.053446
0.048012
0.053329
0.024772
0.036605
0.038110
0.048256
0.027414
0.049985
0.042412
0.058319
0.023906
0.046380
0.042099
0.049012
0.024956
0.046267
0.045843
0.053126
0.026327
0.049617
0.049429
0.066349
0.034633
0.064296
0.057149
0.091692
0.045759
0.073614
0.059100
0.064003
0.031987
0.054444
0.046190
0.053610
0.022468
0.036726
0.031171
0.038938
0.020322
0.040197
0.031897
0.043304
0.022273
0.041290
0.026718
0.023286
0.013979
0.026082
0.024790
0.033362
0.021210
0.031825
0.028563
0.035782
0.018330
0.027309
0.025872
0.027675
0.017283
0.032664
0.033417
0.040346
0.024010
0.034445
0.033616
0.039465
0.018884
0.038188
0.039615
0.054297
0.024101
0.049636
0.046240
0.053505
0.029754
0.045225
0.030155
0.045053
0.027168
0.050433
0.046523
0.055315
0.030892
0.059162
0.057465
0.079333
0.038202
0.061597
0.064818
0.048486
0.023788
0.045481
0.041166
0.046897
0.026919
0.052877
0.052520
0.054904
0.029093
0.038970
0.032402
0.050852
0.022939
0.040013
0.041788
0.060728
0.030976
0.046887
0.048901
0.059534
0.030668
0.043987
0.041244
0.045014
0.029046
0.049176
0.039384
0.047526
0.025352
0.041320
0.039608
0.048835
0.023295
0.035579
0.028605
0.034867
0.018756
0.036208
0.031602
0.032394
0.017763
0.027205
0.024176
0.042951
0.028092
0.061456
0.060905
0.076464
0.032077
0.043321
0.044643
0.052544
0.028207
0.044445
0.043726
0.064307
0.036080
0.055965
0.043612
0.042064
0.021281
0.039734
0.034453
0.048737
0.023163
0.042422
0.034272
0.039440
0.019800
0.035705
0.028759
0.035309
0.018826
0.034091
0.030457
0.037617
0.018026
0.036314
0.034804
0.040870
0.017968
0.034481
0.032929
0.049038
0.028117
0.052414
0.039515
0.050658
0.025152
0.052215
0.048882
0.062918
0.034757
0.066476
0.059282
0.056144
0.017338
0.020267
0.025483
0.045245
0.039842
0.134294
0.117543
0.152851
0.060527
0.077546
0.074638
0.092085
