0.263569
0.253712
0.274340
0.189200
0.281422
0.266529
0.279069
0.188562
0.313410
0.291508
0.326011
0.241569
0.348089
0.337567
0.358834
0.247411
0.361110
0.346111
0.381042
0.240309
0.339806
0.326483
0.339223
0.220510
0.318645
0.311743
0.337482
0.200394
0.320487
0.288612
0.335925
0.204253
0.303277
0.275008
0.314982
0.192253
0.320295
0.302151
0.351323
0.201963
0.327830
0.299573
0.347333
0.190362
0.292530
0.277641
0.329773
0.193440
0.312310
0.288351
0.293799
0.172687
0.261027
0.270241
0.305703
0.192462
0.317166
0.294694
0.340758
0.201744
0.305921
0.297187
0.334613
0.206399
0.315105
0.282275
0.311778
0.190037
0.314799
0.303550
0.332576
0.203808
0.327605
0.300812
0.351230
0.210059
0.306499
0.306157
0.359209
0.196450
0.300808
0.266774
0.324485
0.192093
0.315801
0.312262
0.337646
0.199507
0.317714
0.288735
0.299769
0.175054
0.270554
0.269472
0.285656
0.185195
0.292553
0.276496
0.306670
0.188100
0.293917
0.278882
0.289885
0.184518
0.279543
0.272185
0.290463
0.197301
0.310893
0.283615
0.316562
0.201335
0.301377
0.289836
0.323131
0.206973
0.311289
0.302209
0.311657
0.190899
0.289227
0.264869
0.291788
0.181731
0.279871
0.260880
0.305487
0.197049
0.285673
0.258145
0.310931
0.209331
0.341317
0.305017
0.337860
0.205905
0.294867
0.273161
0.317136
0.202187
0.306685
0.291484
0.334831
0.209554
0.336011
0.318244
0.360765
0.201153
0.330209
0.314300
0.359889
0.213414
0.361535
0.300452
0.360053
0.205716
0.360125
0.332185
0.366915
0.235396
0.352172
0.329182
0.354897
0.232420
0.346092
0.309440
0.343799
0.227112
0.346043
0.324791
0.355090
0.231696
0.351369
0.316852
0.363570
0.243957
0.342273
0.321662
0.351215
0.246973
0.346288
0.327604
0.364950
0.240591
0.365060
0.348869
0.387765
0.267271
0.389225
0.377495
0.418639
0.272784
0.404395
0.390874
0.432604
0.277080
0.389445
0.356374
0.401335
0.270096
0.400603
0.351726
0.368265
0.240903
0.344861
0.299705
0.326284
0.208038
0.298266
0.272102
0.319451
0.185161
0.296416
0.285489
0.314694
0.196035
0.304951
0.286310
0.319261
0.194323
0.311114
0.292706
0.305585
0.207690
0.313253
0.307461
0.336953
0.241127
0.334656
0.311128
0.345353
0.238502
0.332653
0.285946
0.312784
0.217008
0.303865
0.288454
0.337911
0.226807
0.337359
0.311088
0.344516
0.214960
0.318614
0.288509
0.323695
0.208385
0.333648
0.313946
0.350848
0.226303
0.369084
0.337779
0.361883
0.225808
0.352289
0.318075
0.344920
0.217510
0.334828
0.310216
0.367344
0.216817
0.308862
0.294692
0.315753
0.197667
0.304054
0.284261
0.334148
0.220799
0.320680
0.303609
0.333056
0.201493
0.280700
0.265921
0.313086
0.173378
0.283551
0.264787
0.312678
0.181701
0.289248
0.262674
0.312513
0.176823
0.303673
0.286592
0.334395
0.200006
0.327857
0.308210
0.349449
0.191296
0.333165
0.318560
0.388351
0.197547
0.372416
0.350410
0.422852
0.212900
0.371587
0.339219
0.362282
0.197843
0.321401
0.314915
0.365983
0.229180
0.360869
0.328129
0.368560
0.241094
0.360841
0.348871
0.391676
0.242883
0.351539
0.325816
0.327498
0.177602
0.299451
0.290324
0.347984
0.199844
0.327229
0.318225
0.357884
0.181855
0.301022
0.298676
0.321494
0.170695
0.291195
0.268454
0.319097
0.204791
0.283730
0.288383
0.301673
0.206727
0.316668
0.328382
0.363636
0.232875
0.335201
0.334594
0.360855
0.233452
0.335566
0.315926
0.374233
0.215297
0.318504
0.305362
0.348908
0.206066
0.323396
0.319944
0.383447
0.219640
0.338639
0.336751
0.403569
0.228410
0.373778
0.365712
0.424638
0.243679
0.387770
0.409975
0.514634
0.271228
0.447624
0.436463
0.464616
0.280982
0.404181
0.358050
0.390778
0.261246
0.387950
0.365929
0.399880
0.263242
0.394649
0.367965
0.405330
0.241893
0.365263
0.343150
0.378142
0.231719
0.345863
0.306628
0.356499
0.230395
0.347369
0.318691
0.381390
0.225355
0.332001
0.299930
0.293271
0.187160
0.301769
0.273994
0.302987
0.215966
0.337110
0.319934
0.356088
0.223174
0.358452
0.324956
0.344236
0.220344
0.334698
0.321000
0.362845
0.204552
0.317123
0.321561
0.366059
0.227926
0.340963
0.307832
0.343925
0.217583
0.354946
0.322680
0.349506
0.217536
0.355495
0.312233
0.337982
0.205861
0.317948
0.294320
0.341583
0.186524
0.305749
0.293270
0.348973
0.203201
0.339833
0.325081
0.352287
0.201371
0.304567
0.299057
0.333455
0.213265
0.319700
0.317488
0.354682
0.216393
0.327191
0.293449
0.371581
0.226557
0.352446
0.310018
0.365827
0.232994
0.351415
0.301576
0.338796
0.204515
0.333339
0.306471
0.345470
0.216589
0.376982
0.360837
0.394599
0.234657
0.375258
0.359480
0.424893
0.253660
0.421882
0.411414
0.450319
0.266944
0.413344
0.363657
0.386433
0.258831
0.382432
0.352850
0.403109
0.249031
0.340439
0.306085
0.337440
