1.000000
0.324293
0.306870
0.224615
0.356672
0.281402
0.332289
0.186589
0.312174
0.281685
0.304280
0.174055
0.296359
0.256322
0.334078
0.187248
0.265768
0.262948
0.291865
0.182324
0.272158
0.301694
0.335608
0.188141
0.300510
0.246669
0.329760
0.179825
0.238237
0.255872
0.303695
0.208727
0.264064
0.282519
0.283062
0.190422
0.263963
0.270872
0.281306
0.187605
0.299358
0.277788
0.316867
0.200599
0.306347
0.294481
0.314073
0.175044
0.299496
0.262369
0.294264
0.179892
0.265570
0.240790
0.280567
0.183748
0.260605
0.268012
0.304055
0.173774
0.300049
0.295293
0.326737
0.188295
0.306549
0.287463
0.320052
0.163925
0.289402
0.296149
0.343606
0.204338
0.292033
0.326412
0.349572
0.251515
0.339288
0.293577
0.354005
0.252370
0.397260
0.364083
0.391575
0.301982
0.383872
0.348058
0.377109
0.273876
0.341995
0.328849
0.365972
0.268951
0.400901
0.392498
0.357163
0.212102
0.293695
0.272830
0.281863
0.201799
0.304569
0.282075
0.284862
0.197686
0.295491
0.262067
0.268400
0.201266
0.265570
0.254454
0.314765
0.238860
0.261361
0.277273
0.300461
0.230665
0.329093
0.268919
0.310251
0.186676
0.333092
0.288664
0.311247
0.203310
0.334667
0.289264
0.350012
0.233752
0.381869
0.296256
0.345534
0.211440
0.322133
0.290123
0.305455
0.200235
0.311558
0.285529
0.310204
0.183668
0.264236
0.245639
0.297368
0.191142
0.243350
0.242987
0.271481
0.179014
0.269504
0.268586
0.276555
0.169514
0.265298
0.248374
0.293918
0.253347
0.317875
0.273692
0.303744
0.208967
0.287219
0.277483
0.317327
0.217827
0.353775
0.332704
0.341900
0.244006
0.378319
0.351718
0.381085
0.246649
0.353564
0.345335
0.348614
0.211387
0.315644
0.333488
0.344623
0.252769
0.334852
0.332621
0.345089
0.221257
0.317237
0.331209
0.355206
0.234324
0.302199
0.249017
0.303265
0.182904
0.264176
0.324130
0.325396
0.188617
0.255295
0.234324
0.303052
0.218468
0.330825
0.343379
0.344505
0.259845
0.346851
0.289589
0.334266
0.221005
0.369509
0.327357
0.341190
0.234162
0.323757
0.290619
0.332255
0.200191
0.304900
0.293488
0.316466
0.224359
0.315937
0.318203
0.342681
0.217605
0.294652
0.275214
0.283519
0.210816
0.312999
0.296352
0.317589
0.212090
0.307658
0.329415
0.358087
0.230738
0.305546
0.299530
0.354903
0.216725
0.295113
0.366791
0.370365
0.281439
0.354756
0.358735
0.336049
0.243888
0.304805
0.313621
0.353822
0.238015
0.342424
0.326774
0.328921
0.241286
0.307506
0.275981
0.315085
0.250172
0.388801
0.338187
0.368167
0.250718
0.361526
0.279474
0.303010
0.220797
0.304741
0.259248
0.282497
0.183275
0.255410
0.231750
0.317246
0.193053
0.261505
0.280589
0.259585
0.196144
0.268195
0.268254
0.312167
0.226665
0.298110
0.317752
0.318978
0.223946
0.312800
0.328859
0.333302
0.215813
0.326697
0.302864
0.307668
0.234439
0.311103
0.318235
0.354310
0.233236
0.359182
0.302473
0.331328
0.221121
0.322656
0.301805
0.330903
0.215698
0.269205
0.256440
0.290404
0.206887
0.348205
0.241287
0.289257
0.243063
0.352402
0.313224
0.354179
0.216820
0.362530
0.292597
0.346928
0.238890
0.367775
0.334609
0.390589
0.245120
0.367963
0.310047
0.342777
0.225416
0.294456
0.254588
0.303042
0.201840
0.283458
0.300321
0.344048
0.204642
0.289246
0.285449
0.280504
0.190867
0.245762
0.231264
0.292058
0.171412
0.267882
0.259422
0.294125
0.198097
0.322568
0.285840
0.349292
0.246003
0.292960
0.249135
0.305680
0.205455
0.324198
0.276351
0.301015
0.205661
0.285705
0.266247
0.321794
0.212181
0.284862
0.258497
0.305821
0.186816
0.277633
0.251337
0.313334
0.194295
0.274334
0.269088
0.314861
0.182432
0.273417
0.237499
0.293656
0.182093
0.272502
0.296566
0.277179
0.169538
0.256317
0.251383
0.268531
0.178655
0.273549
0.259918
0.316426
0.208905
0.274133
0.246541
0.306359
0.240892
0.340064
0.299333
0.302454
0.220717
0.318918
0.293774
0.280601
0.202669
0.278068
0.306251
0.334629
0.236500
0.344900
0.344093
0.358807
0.227347
0.354257
0.319480
0.332919
0.266167
0.387747
0.336847
0.367798
0.198710
0.322299
0.302763
0.291705
0.178243
0.250990
0.234198
0.264741
0.179638
0.258946
0.285288
0.302568
0.192780
0.318862
0.324999
0.358405
0.235706
0.359984
0.355357
0.381472
0.225365
0.348515
0.282833
0.321853
0.247037
0.357741
0.316727
0.323696
0.219981
0.305714
0.268397
0.255496
0.206216
0.265428
0.276868
0.315027
0.214994
0.316855
0.272665
0.347431
0.211077
0.295057
0.283017
0.319160
0.221312
0.326899
0.264906
0.321861
0.200661
0.284686
0.300299
0.304466
0.175883
0.339903
0.315022
0.378248
0.242271
0.335455
0.328252
0.303826
0.229653
0.312860
0.297620
0.363632
0.237390
0.343604
0.306434
0.363135
0.233574
0.346853
0.309434
0.336498
0.183997
0.263999
0.257094
0.310779
