1.000000
0.189088
0.176200
0.143343
0.210437
0.167243
0.196227
0.122716
0.187824
0.168166
0.179888
0.107748
0.174888
0.153707
0.197998
0.119943
0.157896
0.157662
0.169339
0.116448
0.161566
0.182185
0.199219
0.120847
0.181995
0.147365
0.196137
0.113526
0.139282
0.151415
0.179882
0.134601
0.156516
0.167325
0.166508
0.119800
0.156852
0.160515
0.162937
0.120764
0.177491
0.169570
0.191305
0.128439
0.182849
0.177959
0.185730
0.110911
0.179286
0.156379
0.177044
0.113772
0.159811
0.134543
0.165484
0.116011
0.154338
0.158169
0.180237
0.110179
0.181724
0.178121
0.204163
0.120018
0.189317
0.179179
0.193743
0.104604
0.179418
0.185952
0.215524
0.129580
0.179298
0.208555
0.219241
0.166092
0.212828
0.182418
0.227704
0.168078
0.259010
0.239215
0.259713
0.208175
0.250428
0.222623
0.243118
0.185623
0.215456
0.209204
0.233809
0.179131
0.258909
0.257352
0.220561
0.138457
0.178571
0.166635
0.168393
0.129079
0.184971
0.170855
0.170036
0.125028
0.173670
0.157738
0.159748
0.130884
0.159860
0.152129
0.187550
0.157063
0.154008
0.167134
0.186277
0.151370
0.201351
0.161389
0.184201
0.115832
0.202975
0.169818
0.182015
0.130923
0.202024
0.170078
0.213400
0.154299
0.236554
0.180691
0.209256
0.135041
0.187723
0.174939
0.180003
0.128838
0.185038
0.171911
0.183336
0.116498
0.157208
0.144608
0.171772
0.120125
0.139322
0.141879
0.155091
0.111074
0.154601
0.157871
0.160156
0.106147
0.154245
0.143712
0.170069
0.168101
0.186930
0.163996
0.183982
0.134855
0.171584
0.164923
0.192350
0.137612
0.218507
0.205861
0.212864
0.158621
0.238065
0.223764
0.237625
0.164213
0.220884
0.218251
0.213429
0.133756
0.190510
0.208133
0.212125
0.166090
0.205374
0.206060
0.208268
0.141805
0.187564
0.203684
0.213124
0.152776
0.177022
0.148433
0.181292
0.113479
0.154524
0.198678
0.195679
0.119743
0.153217
0.137569
0.181288
0.139528
0.203125
0.212507
0.214926
0.172395
0.219513
0.176487
0.205190
0.142842
0.231317
0.206964
0.209992
0.150673
0.196957
0.179224
0.200070
0.125504
0.182917
0.175276
0.188176
0.144780
0.189736
0.191473
0.209252
0.138968
0.174558
0.166629
0.169268
0.134669
0.188131
0.178398
0.188967
0.135243
0.183669
0.201094
0.217943
0.150220
0.185755
0.185097
0.217360
0.138578
0.176376
0.235970
0.230796
0.190637
0.222541
0.229932
0.203730
0.160315
0.186866
0.198129
0.224064
0.154887
0.215241
0.205172
0.202409
0.156949
0.185573
0.168579
0.190430
0.162514
0.243809
0.213069
0.231031
0.166675
0.227713
0.170023
0.184867
0.140175
0.182925
0.151389
0.165742
0.116254
0.151311
0.136395
0.189638
0.121282
0.153672
0.170144
0.151450
0.128132
0.156330
0.164211
0.188421
0.145892
0.184326
0.195722
0.191908
0.141455
0.186881
0.203472
0.203923
0.137639
0.201450
0.186435
0.181498
0.150973
0.186530
0.194973
0.214966
0.154359
0.218412
0.184048
0.202751
0.142724
0.197014
0.186958
0.204352
0.139741
0.161733
0.151662
0.171458
0.129496
0.215301
0.142679
0.175955
0.160151
0.216667
0.193646
0.218986
0.139088
0.223338
0.178604
0.210810
0.154673
0.231787
0.208914
0.244833
0.159705
0.230947
0.190261
0.206744
0.145470
0.177881
0.151960
0.177281
0.126852
0.165990
0.181854
0.206927
0.128500
0.170805
0.171225
0.162059
0.118385
0.140928
0.133250
0.170950
0.107648
0.158177
0.155935
0.170166
0.126416
0.185632
0.174688
0.214559
0.160833
0.177313
0.148701
0.179130
0.128439
0.192899
0.166308
0.174814
0.127935
0.168923
0.155137
0.189356
0.134104
0.166048
0.148731
0.176410
0.115908
0.156741
0.144520
0.178682
0.124109
0.159660
0.157377
0.183245
0.111975
0.156199
0.137660
0.168614
0.112588
0.157702
0.174832
0.158346
0.102775
0.146008
0.144471
0.151751
0.110110
0.158106
0.155064
0.190990
0.134287
0.164719
0.146956
0.184946
0.153899
0.206324
0.178775
0.180855
0.139585
0.195523
0.175731
0.164936
0.125673
0.162605
0.185788
0.203229
0.150821
0.211863
0.212243
0.213227
0.143888
0.216301
0.196548
0.199161
0.175129
0.237333
0.207855
0.227224
0.125621
0.196265
0.181453
0.168715
0.109366
0.143180
0.137451
0.150923
0.111007
0.148453
0.172148
0.178502
0.122633
0.195203
0.203344
0.216779
0.155117
0.225199
0.223958
0.238269
0.144530
0.214586
0.171329
0.195999
0.160261
0.218167
0.198945
0.197504
0.139444
0.183514
0.155570
0.149291
0.129029
0.153648
0.163564
0.186226
0.137186
0.191197
0.160532
0.208527
0.132667
0.174142
0.168206
0.188373
0.140598
0.197179
0.156084
0.189357
0.125321
0.166907
0.177340
0.178137
0.107500
0.206997
0.193203
0.231403
0.156677
0.200387
0.200783
0.177558
0.145876
0.183794
0.175379
0.219426
0.151936
0.204279
0.184469
0.219162
0.149558
0.211677
0.187337
0.197564
0.112625
0.154954
0.148200
0.181261
