0.271841
0.297851
0.379353
0.242607
0.434924
0.348013
0.348077
0.141157
0.407524
0.407490
0.474135
0.213477
0.371132
0.331263
0.406205
0.212674
0.391524
0.350842
0.421261
0.214829
0.399410
0.352856
0.326198
0.135068
0.204035
0.146420
0.183554
0.067357
0.152868
0.142518
0.169051
0.085730
0.131096
0.112945
0.096495
0.056353
0.098582
0.115845
0.131273
0.061290
0.115952
0.117976
0.158823
0.083623
0.179644
0.185516
0.219487
0.121854
0.265698
0.241145
0.438725
0.232271
0.422859
0.331414
0.447070
0.209594
0.426465
0.408618
0.521794
0.247762
0.507952
0.460005
0.546412
0.250380
0.515084
0.440363
0.534443
0.262198
0.515757
0.476506
0.573552
0.259968
0.533620
0.490995
0.582602
0.267790
0.550527
0.533182
0.607334
0.279538
0.511664
0.427635
0.471697
0.230786
0.415006
0.384456
0.404520
0.227491
0.407151
0.424297
0.539546
0.272031
0.531954
0.489508
0.527162
0.269232
0.428486
0.411767
0.419926
0.253201
0.357896
0.411376
0.451875
0.294578
0.602634
0.534846
0.549982
0.257539
0.453381
0.418848
0.557623
0.334924
0.538125
0.418457
0.408187
0.234601
0.346544
0.332832
0.351910
0.192269
0.270995
0.347143
0.374519
0.243553
0.391337
0.363141
0.411738
0.305354
0.471746
0.386401
0.449867
0.279944
0.455827
0.471749
0.535327
0.344199
0.606450
0.539170
0.564595
0.274870
0.476098
0.354568
0.384227
0.230455
0.371933
0.355928
0.370348
0.204269
0.327400
0.306258
0.292454
0.155556
0.204800
0.203148
0.278460
0.163322
0.279089
0.268046
0.269253
0.129850
0.210682
0.214204
0.264495
0.162189
0.249986
0.210003
0.237902
0.135211
0.238302
0.209840
0.250230
0.122726
0.195972
0.205756
0.246304
0.126124
0.210461
0.183817
0.259391
0.132085
0.241764
0.188276
0.215402
0.105233
0.199413
0.166607
0.175889
0.097632
0.149044
0.124874
0.152796
0.158765
0.273287
0.263609
0.294281
0.170390
0.249090
0.198506
0.314180
0.166464
0.316735
0.339415
0.427415
0.237931
0.420372
0.381672
0.478126
0.217682
0.378422
0.390093
0.496811
0.276681
0.507376
0.507824
0.560447
0.285734
0.533369
0.486282
0.562865
0.294325
0.583177
0.506525
0.554889
0.258465
0.523196
0.460694
0.508298
0.249446
0.451192
0.407948
0.451470
0.224022
0.411285
0.417194
0.478929
0.221138
0.378242
0.342654
0.386364
0.207174
0.371604
0.327572
0.355020
0.170116
0.270493
0.282338
0.315685
0.178015
0.283146
0.265858
0.265366
0.164176
0.290138
0.300100
0.345121
0.176673
0.269896
0.298601
0.298633
0.177839
0.341131
0.317405
0.349398
0.169489
0.305416
0.297632
0.348132
0.179192
0.323747
0.313278
0.368630
0.192342
0.337143
0.331216
0.383271
0.202855
0.360824
0.329411
0.381136
0.204982
0.376986
0.356571
0.413242
0.233211
0.400730
0.357323
0.397039
0.206689
0.376246
0.357647
0.416161
0.228985
0.432669
0.378316
0.404806
0.215222
0.397416
0.303254
0.327315
0.194057
0.324227
0.314824
0.351047
0.221309
0.386894
0.354978
0.426394
0.241006
0.389373
0.400818
0.436432
0.238480
0.399412
0.413238
0.440832
0.248917
0.434578
0.412099
0.476375
0.237133
0.466363
0.439153
0.487010
0.229660
0.425292
0.410355
0.462617
0.254762
0.452185
0.409260
0.477379
0.275532
0.525527
0.441863
0.498833
0.243836
0.484933
0.434113
0.528498
0.268538
0.469321
0.428207
0.486849
0.258626
0.485773
0.445630
0.528308
0.256533
0.481597
0.449825
0.507536
0.264782
0.481676
0.418800
0.515777
0.253503
0.454598
0.409059
0.474392
0.266034
0.483157
0.433687
0.534045
0.261320
0.475281
0.472944
0.485519
0.269701
0.526023
0.494672
0.540934
0.239320
0.444089
0.423077
0.501660
0.275263
0.480924
0.471023
0.446095
0.234561
0.474976
0.429590
0.549608
0.254329
0.494963
0.464721
0.508989
0.267313
0.473714
0.345605
0.340135
0.148890
0.190038
0.197466
0.242585
0.161238
0.256815
0.282036
0.363424
0.202073
0.386709
0.357365
0.402116
0.213990
0.417939
0.370377
0.453929
0.213356
0.411999
0.400096
0.470749
0.229537
0.450181
0.410532
0.498035
0.243627
0.467745
0.395654
0.443388
0.215696
0.480331
0.443662
0.543366
0.255949
0.524471
0.473799
0.509206
0.247581
0.471010
0.414390
0.502815
0.241730
0.475587
0.447343
0.535175
0.256586
0.548444
0.461202
0.528938
0.231548
0.472415
0.447218
0.505871
0.249891
0.489871
0.444220
0.497773
0.237150
0.409608
0.336775
0.354123
0.163162
0.294914
0.262946
0.291836
0.147997
0.288168
0.270923
0.319113
0.160630
0.329728
0.289206
0.348519
0.157486
0.346445
0.316953
0.386030
0.163841
0.339810
0.317719
0.394933
0.163945
0.318432
0.286143
0.358278
0.145940
0.297549
0.263153
0.313866
0.125721
0.254061
0.234812
0.293275
0.112868
0.233975
0.213568
0.272179
0.116220
0.238560
0.206284
0.246455
0.108261
0.211490
0.189285
0.236808
0.109163
0.219683
0.198357
0.241489
