0.578362
0.635472
0.731608
0.465203
0.761365
0.665800
0.654575
0.289590
0.699691
0.719162
0.792924
0.429730
0.677366
0.656235
0.716989
0.433337
0.684587
0.683906
0.737561
0.433045
0.717918
0.679365
0.627331
0.330403
0.485733
0.401473
0.464545
0.194918
0.406245
0.389656
0.430964
0.239186
0.369931
0.325344
0.279088
0.174909
0.304923
0.334644
0.365710
0.189496
0.343618
0.336895
0.435751
0.241687
0.474369
0.467091
0.516123
0.314205
0.570591
0.558091
0.757630
0.471634
0.718970
0.662123
0.754119
0.460803
0.722604
0.739834
0.800363
0.530442
0.781852
0.790060
0.815721
0.559621
0.795794
0.778080
0.834358
0.546261
0.798608
0.802318
0.856995
0.567820
0.813771
0.801651
0.860325
0.583945
0.828634
0.843098
0.859419
0.606787
0.809650
0.769515
0.765482
0.521840
0.725955
0.716807
0.725404
0.532120
0.737538
0.756065
0.826045
0.578696
0.816258
0.798930
0.806170
0.613406
0.764349
0.738179
0.724204
0.599001
0.689554
0.739668
0.754341
0.629996
0.854072
0.819112
0.829220
0.624806
0.764369
0.761196
0.841396
0.686514
0.821193
0.752608
0.722706
0.583831
0.686377
0.663201
0.679836
0.493789
0.607315
0.689349
0.692159
0.552322
0.734465
0.687869
0.747530
0.613210
0.795237
0.720462
0.772806
0.615772
0.774152
0.793921
0.809357
0.686098
0.862029
0.845496
0.843991
0.633033
0.812624
0.707634
0.711263
0.558458
0.731614
0.697454
0.701561
0.506431
0.688923
0.650046
0.636036
0.415999
0.517499
0.512174
0.615251
0.422364
0.639600
0.611061
0.605528
0.362608
0.539996
0.524978
0.596445
0.416789
0.599295
0.518885
0.565571
0.371382
0.593980
0.539917
0.576147
0.350832
0.515614
0.540986
0.575263
0.361860
0.555651
0.488525
0.589067
0.376527
0.606473
0.492297
0.535084
0.337235
0.557335
0.464566
0.473807
0.321017
0.446892
0.376455
0.433816
0.429903
0.645577
0.601482
0.640870
0.444508
0.619269
0.508333
0.658046
0.460603
0.684785
0.702597
0.759998
0.522194
0.792185
0.721416
0.797514
0.529199
0.756180
0.721272
0.813171
0.612203
0.846786
0.820205
0.841280
0.599608
0.848086
0.813343
0.836660
0.647626
0.874373
0.821764
0.835792
0.625937
0.840174
0.809278
0.809126
0.597261
0.822843
0.760710
0.760926
0.554297
0.768147
0.780511
0.788635
0.542618
0.762708
0.700775
0.738084
0.499831
0.762917
0.673768
0.694301
0.451013
0.639012
0.634874
0.661296
0.466688
0.660175
0.611045
0.599728
0.443402
0.658787
0.670088
0.709067
0.455131
0.631067
0.648707
0.639004
0.480068
0.741375
0.684901
0.716576
0.430081
0.699019
0.662257
0.717958
0.455756
0.712106
0.668475
0.730225
0.487228
0.735307
0.681113
0.727144
0.501670
0.759135
0.685363
0.720031
0.509222
0.751055
0.717848
0.738936
0.547314
0.772337
0.721071
0.746416
0.519579
0.764074
0.698120
0.750843
0.538223
0.800646
0.723244
0.739074
0.544152
0.765642
0.667027
0.669140
0.512450
0.690489
0.666869
0.697898
0.546510
0.746121
0.712836
0.749600
0.583309
0.766223
0.751639
0.773403
0.560712
0.767773
0.761908
0.775950
0.591227
0.780978
0.757299
0.788334
0.589505
0.808134
0.773225
0.805302
0.590542
0.773583
0.778814
0.792179
0.600217
0.795409
0.765253
0.808774
0.625377
0.829102
0.800594
0.809608
0.600998
0.826574
0.781150
0.843735
0.611443
0.827350
0.778773
0.812951
0.606242
0.836277
0.793725
0.826164
0.613403
0.818255
0.803684
0.825169
0.602262
0.820930
0.760754
0.828122
0.614947
0.800460
0.763397
0.801834
0.621636
0.828428
0.792654
0.829049
0.610032
0.825895
0.803802
0.806832
0.624971
0.844562
0.829905
0.850577
0.594598
0.793826
0.781062
0.819470
0.623122
0.819721
0.811057
0.776083
0.595062
0.819493
0.783220
0.850424
0.601095
0.827575
0.805090
0.817356
0.637417
0.813816
0.723490
0.696241
0.472506
0.522505
0.523569
0.579361
0.464900
0.604611
0.650639
0.720913
0.516514
0.757566
0.724574
0.758945
0.512972
0.797883
0.744938
0.793678
0.515279
0.800107
0.749367
0.789219
0.564476
0.818091
0.755723
0.803918
0.599211
0.839504
0.753131
0.778199
0.548633
0.833474
0.790484
0.853048
0.601886
0.839917
0.823679
0.827319
0.597038
0.823879
0.776444
0.841217
0.575171
0.830910
0.800108
0.849280
0.602153
0.867095
0.811372
0.846022
0.587186
0.820505
0.794923
0.817957
0.624316
0.829528
0.785819
0.812432
0.606450
0.768972
0.701880
0.699040
0.475282
0.692294
0.621450
0.646981
0.417568
0.665214
0.630892
0.675907
0.453028
0.707727
0.658711
0.707743
0.446510
0.718301
0.709108
0.756060
0.450275
0.716236
0.688436
0.756043
0.446811
0.692096
0.665131
0.729367
0.419866
0.679237
0.638983
0.699047
0.379934
0.624874
0.604367
0.652709
0.359102
0.588433
0.584607
0.660874
0.350678
0.605478
0.560072
0.608522
0.347263
0.571860
0.529770
0.602232
0.345974
0.584582
0.553160
0.615645
