0.187244
0.182775
0.242250
0.143397
0.280704
0.194566
0.206185
0.081656
0.274758
0.245961
0.299051
0.119751
0.228298
0.191755
0.235508
0.118780
0.233977
0.202284
0.251769
0.117286
0.238866
0.199650
0.186105
0.068555
0.105990
0.070371
0.090242
0.029308
0.074504
0.064372
0.079683
0.038815
0.063035
0.051462
0.044466
0.024537
0.045536
0.052333
0.059054
0.026392
0.056686
0.051554
0.074277
0.036229
0.089077
0.086380
0.109016
0.059363
0.142562
0.118960
0.253215
0.125785
0.257536
0.168619
0.257700
0.111776
0.258066
0.226754
0.320743
0.134834
0.332565
0.270978
0.351438
0.146267
0.345657
0.253405
0.337966
0.145857
0.344430
0.277892
0.375157
0.156754
0.366273
0.295653
0.399063
0.155511
0.384003
0.327382
0.414345
0.165257
0.351119
0.251986
0.295792
0.119309
0.260860
0.217917
0.238964
0.125413
0.257583
0.245227
0.344829
0.155903
0.365924
0.291658
0.352986
0.137440
0.275038
0.242630
0.269203
0.131382
0.232127
0.243933
0.288767
0.150715
0.432885
0.342692
0.381472
0.140076
0.304518
0.254075
0.396692
0.168555
0.369469
0.241344
0.256744
0.110872
0.214587
0.191511
0.218301
0.089758
0.156204
0.195408
0.230910
0.121007
0.236472
0.207216
0.256990
0.160680
0.307032
0.222790
0.281713
0.139104
0.291878
0.287526
0.360875
0.185991
0.426112
0.335251
0.390931
0.150223
0.315232
0.201477
0.244735
0.118772
0.234012
0.198776
0.224888
0.098508
0.194900
0.165177
0.166278
0.070458
0.111851
0.098647
0.147632
0.072955
0.150114
0.132497
0.137742
0.058249
0.113494
0.103806
0.136452
0.069750
0.131216
0.098292
0.119090
0.057232
0.122390
0.095406
0.123361
0.049778
0.097002
0.092940
0.118586
0.051934
0.105110
0.082256
0.127305
0.054007
0.124484
0.084587
0.104836
0.044475
0.100592
0.074564
0.084351
0.038736
0.070632
0.054721
0.070812
0.070256
0.140656
0.128415
0.150565
0.078194
0.132582
0.093920
0.173969
0.072831
0.176974
0.170610
0.245490
0.120238
0.251063
0.201463
0.286037
0.116531
0.235495
0.211739
0.310744
0.153832
0.338660
0.282883
0.360334
0.155112
0.364433
0.276741
0.368518
0.156621
0.409735
0.293100
0.367051
0.144219
0.363902
0.258997
0.317402
0.124916
0.285141
0.224871
0.272761
0.119726
0.256421
0.238613
0.290794
0.114914
0.226986
0.186735
0.225466
0.099174
0.209321
0.173488
0.198104
0.077787
0.142826
0.140071
0.166846
0.082233
0.150084
0.128405
0.133400
0.075332
0.155084
0.147745
0.183513
0.081388
0.144466
0.145302
0.156527
0.082812
0.190169
0.152852
0.189260
0.078504
0.160950
0.146010
0.189881
0.082351
0.174598
0.157884
0.204970
0.090217
0.184408
0.167748
0.212348
0.095728
0.198435
0.170463
0.211055
0.097130
0.206922
0.188697
0.236057
0.114174
0.231006
0.192270
0.228739
0.096371
0.213224
0.185484
0.240105
0.111477
0.257970
0.202393
0.233523
0.109495
0.235405
0.159124
0.181550
0.089607
0.176177
0.164294
0.201156
0.104380
0.223704
0.191559
0.250941
0.118349
0.229178
0.218776
0.263232
0.116774
0.235440
0.225690
0.273418
0.129215
0.272383
0.226206
0.289073
0.125799
0.287982
0.247993
0.308391
0.109729
0.257687
0.229196
0.286532
0.135940
0.273764
0.235532
0.291520
0.153043
0.339553
0.255592
0.309476
0.122298
0.304389
0.247767
0.342532
0.137444
0.298557
0.234943
0.303326
0.130121
0.308223
0.257267
0.329470
0.129746
0.306133
0.245061
0.312622
0.137532
0.315185
0.235832
0.325179
0.126543
0.289123
0.225998
0.298305
0.131856
0.314723
0.247452
0.341268
0.129869
0.309476
0.258209
0.309446
0.137877
0.345292
0.296065
0.345423
0.120143
0.282400
0.229678
0.324910
0.148187
0.313251
0.264131
0.283548
0.111195
0.300167
0.242219
0.362473
0.127637
0.318841
0.255495
0.336816
0.136348
0.310165
0.180576
0.201450
0.068751
0.104868
0.097287
0.129439
0.068474
0.137858
0.141323
0.196473
0.096126
0.226608
0.181121
0.222860
0.106729
0.242367
0.192420
0.264633
0.104859
0.247649
0.215013
0.279632
0.121001
0.274154
0.225018
0.309745
0.133010
0.290052
0.218004
0.265282
0.112003
0.301760
0.248975
0.354845
0.130749
0.337980
0.259349
0.320429
0.125872
0.296571
0.228287
0.316530
0.118379
0.300628
0.249300
0.341092
0.131025
0.362160
0.251989
0.332475
0.116769
0.307462
0.237379
0.325772
0.124878
0.320417
0.250487
0.320267
0.116271
0.247560
0.177470
0.199116
0.076324
0.158261
0.124281
0.148972
0.067172
0.153385
0.128762
0.163424
0.074922
0.177200
0.132250
0.170412
0.074141
0.183695
0.146488
0.196511
0.079422
0.185836
0.145870
0.201002
0.077357
0.166944
0.131182
0.176586
0.066724
0.151449
0.114698
0.144467
0.055656
0.124194
0.099087
0.128721
0.048630
0.111292
0.087324
0.116104
0.046846
0.111394
0.082496
0.103264
0.042863
0.096978
0.075567
0.099064
0.043156
0.100220
0.079849
0.101963
