0.407631
0.469387
0.546068
0.348990
0.598108
0.512794
0.507794
0.210834
0.558764
0.567014
0.638072
0.322285
0.533835
0.498247
0.576596
0.317876
0.546140
0.522909
0.603003
0.319011
0.578919
0.520115
0.488775
0.222726
0.339359
0.260853
0.324171
0.120527
0.268522
0.263360
0.304206
0.151401
0.240783
0.208604
0.174498
0.105836
0.182240
0.221852
0.240216
0.115917
0.220648
0.215854
0.285597
0.153866
0.324535
0.319632
0.383683
0.205439
0.427299
0.394932
0.628650
0.340807
0.581279
0.498527
0.632540
0.330598
0.593201
0.585495
0.691131
0.369720
0.659813
0.643407
0.700260
0.399714
0.683736
0.628484
0.704276
0.385643
0.670033
0.669757
0.733528
0.409866
0.699698
0.658791
0.750480
0.422538
0.705823
0.709706
0.776231
0.429601
0.679890
0.608765
0.635962
0.374824
0.579780
0.562719
0.584738
0.367161
0.583792
0.616598
0.717354
0.410956
0.696374
0.668933
0.689283
0.424805
0.594220
0.592386
0.589076
0.421101
0.527127
0.587156
0.614330
0.462960
0.753900
0.703556
0.713665
0.430577
0.622511
0.602673
0.737746
0.518906
0.707213
0.594114
0.575390
0.401922
0.518809
0.497222
0.523793
0.336842
0.432795
0.528869
0.539415
0.400247
0.578781
0.537101
0.588472
0.460791
0.646112
0.569551
0.621649
0.453081
0.637693
0.645936
0.698160
0.523121
0.760895
0.711340
0.725809
0.453132
0.649211
0.535424
0.560402
0.391820
0.561405
0.528320
0.548029
0.345257
0.511862
0.473029
0.469679
0.276228
0.347212
0.343303
0.449040
0.287301
0.465128
0.440995
0.441538
0.234917
0.358799
0.359912
0.428910
0.281370
0.416042
0.359759
0.398517
0.239892
0.417550
0.357192
0.426994
0.221435
0.351039
0.357189
0.412191
0.232890
0.370342
0.328482
0.428921
0.243187
0.424366
0.334830
0.377480
0.210087
0.370073
0.308058
0.316940
0.196258
0.281881
0.239929
0.280922
0.291269
0.461903
0.436174
0.477251
0.298065
0.423748
0.344195
0.503401
0.305515
0.512558
0.519754
0.630919
0.383954
0.618061
0.566899
0.655820
0.365194
0.574557
0.568182
0.669092
0.452117
0.706831
0.684116
0.718270
0.428954
0.702847
0.661179
0.727884
0.454301
0.745218
0.679488
0.719243
0.439406
0.701069
0.642057
0.683319
0.417793
0.655116
0.593448
0.625314
0.378810
0.617708
0.605255
0.646789
0.371898
0.582864
0.527317
0.587613
0.342792
0.591012
0.505547
0.546173
0.287513
0.459675
0.452309
0.507878
0.313806
0.479449
0.435161
0.444589
0.284912
0.490836
0.484246
0.552441
0.298889
0.457212
0.481514
0.491514
0.310643
0.563017
0.501408
0.546727
0.292287
0.509646
0.485474
0.552388
0.305472
0.539068
0.504636
0.565554
0.327331
0.563648
0.514794
0.589431
0.327477
0.577962
0.513129
0.572968
0.340957
0.586246
0.547634
0.601001
0.376830
0.615771
0.552635
0.590422
0.347237
0.587246
0.541051
0.601886
0.372796
0.649458
0.562335
0.594925
0.367822
0.610643
0.483953
0.513601
0.330451
0.515025
0.505608
0.542256
0.366493
0.598715
0.533127
0.614702
0.393342
0.592419
0.586466
0.631959
0.385806
0.596269
0.602152
0.640538
0.407594
0.643607
0.594882
0.656969
0.405125
0.667659
0.625293
0.669149
0.393648
0.639442
0.597822
0.661804
0.413024
0.650076
0.614818
0.659816
0.437550
0.720542
0.640120
0.685416
0.407538
0.690413
0.621298
0.719980
0.429991
0.672532
0.624036
0.678584
0.422094
0.696135
0.639038
0.691964
0.427528
0.678620
0.648328
0.690883
0.429610
0.690717
0.606588
0.699521
0.422723
0.650384
0.596623
0.658012
0.442536
0.691181
0.630373
0.716850
0.416898
0.675649
0.661921
0.668343
0.437669
0.721104
0.687720
0.721416
0.388822
0.631519
0.611462
0.671004
0.461342
0.675228
0.657510
0.639878
0.395892
0.661457
0.621609
0.722833
0.423738
0.690483
0.648173
0.703177
0.434282
0.660896
0.527709
0.526207
0.288690
0.334499
0.339539
0.406154
0.296486
0.430529
0.463905
0.563517
0.341593
0.585994
0.548707
0.597696
0.362497
0.628788
0.570164
0.666940
0.335524
0.614026
0.597808
0.664375
0.382688
0.646994
0.604760
0.678924
0.410995
0.671895
0.593999
0.639676
0.367000
0.675597
0.640027
0.726501
0.417559
0.712359
0.676319
0.690461
0.407460
0.664539
0.608180
0.704564
0.395736
0.670081
0.645613
0.716723
0.417251
0.734368
0.657556
0.716438
0.389305
0.656527
0.629209
0.672161
0.439146
0.682910
0.631695
0.686111
0.407528
0.596150
0.533547
0.538303
0.298368
0.491223
0.437431
0.472984
0.265010
0.476300
0.455753
0.521571
0.283375
0.532794
0.478164
0.562949
0.275785
0.541801
0.520184
0.601056
0.288543
0.532239
0.521392
0.608169
0.286695
0.510515
0.479527
0.575741
0.262099
0.486564
0.457167
0.517349
0.232707
0.431800
0.412539
0.486126
0.223249
0.401838
0.395614
0.474021
0.216200
0.415757
0.376605
0.435071
0.207320
0.377759
0.353631
0.422940
0.211428
0.392130
0.376444
0.433524
