0.147530
0.134502
0.159234
0.109279
0.144937
0.114788
0.104888
0.067924
0.128576
0.126589
0.143961
0.076728
0.115350
0.116500
0.121097
0.073492
0.103384
0.096746
0.112884
0.070981
0.106343
0.089304
0.090718
0.053930
0.082952
0.075325
0.086814
0.049453
0.081712
0.078879
0.094145
0.049210
0.081008
0.067901
0.086169
0.046677
0.070491
0.071216
0.086713
0.049328
0.078434
0.070366
0.077660
0.040248
0.071449
0.071594
0.075368
0.050308
0.087674
0.074776
0.080895
0.052100
0.081479
0.067220
0.084925
0.057614
0.082855
0.082026
0.096225
0.051385
0.079542
0.065342
0.084033
0.054856
0.078409
0.068545
0.077216
0.055278
0.084894
0.079694
0.091803
0.060145
0.085636
0.085998
0.077270
0.044844
0.077014
0.082824
0.078791
0.046600
0.077618
0.091208
0.105546
0.061962
0.090434
0.078805
0.086293
0.054926
0.084356
0.070272
0.086496
0.066411
0.111016
0.087753
0.098209
0.062858
0.113803
0.095016
0.100513
0.051242
0.071890
0.087090
0.105850
0.060785
0.078200
0.070681
0.086484
0.049972
0.083837
0.074314
0.075284
0.046334
0.087860
0.070968
0.083064
0.047878
0.084724
0.087531
0.103288
0.070672
0.108029
0.090461
0.105624
0.059642
0.106872
0.110163
0.125447
0.073661
0.109049
0.102062
0.119572
0.077216
0.140529
0.130919
0.141447
0.074946
0.141749
0.110344
0.114695
0.077505
0.114608
0.108622
0.122442
0.080409
0.126793
0.122869
0.124672
0.078956
0.122596
0.115406
0.136841
0.087844
0.140404
0.121487
0.119250
0.066284
0.096419
0.109417
0.132280
0.081109
0.143583
0.139288
0.153390
0.082436
0.124183
0.115416
0.130344
0.085253
0.155644
0.148173
0.164566
0.096636
0.142523
0.132255
0.137804
0.089025
0.136827
0.127735
0.153633
0.099034
0.179718
0.153933
0.163573
0.083484
0.132725
0.129069
0.164231
0.098628
0.193142
0.179595
0.202413
0.129285
0.218631
0.198704
0.207424
0.099617
0.184182
0.152979
0.167859
0.108044
0.151813
0.146188
0.156153
0.101579
0.159484
0.163508
0.191799
0.116144
0.190067
0.159335
0.183140
0.118836
0.177143
0.156988
0.192266
0.127635
0.170863
0.164575
0.170518
0.117580
0.186796
0.178612
0.219125
0.144652
0.201172
0.165513
0.175653
0.112589
0.197863
0.187692
0.190620
0.119725
0.188613
0.191192
0.230603
0.149097
0.218142
0.176684
0.213796
0.140953
0.236119
0.184271
0.181677
0.113980
0.199318
0.196931
0.221453
0.140830
0.216915
0.197173
0.221468
0.137264
0.205805
0.194292
0.214507
0.135687
0.206628
0.201752
0.258538
0.158481
0.230055
0.219435
0.262044
0.174234
0.253825
0.191014
0.217268
0.142648
0.221484
0.216155
0.237043
0.162407
0.232107
0.198600
0.232036
0.153486
0.216304
0.211348
0.244845
0.172891
0.249176
0.219978
0.220830
0.175554
0.242371
0.203406
0.208266
0.133708
0.158255
0.146772
0.176695
0.143355
0.184767
0.173375
0.172842
0.106312
0.175251
0.181920
0.197746
0.139617
0.184919
0.175099
0.185214
0.130824
0.186414
0.171650
0.186992
0.128710
0.197962
0.181761
0.197107
0.120450
0.182375
0.189608
0.222019
0.149347
0.195351
0.182654
0.199927
0.145763
0.198138
0.188264
0.198704
0.152119
0.209205
0.192322
0.196409
0.129835
0.153991
0.134881
0.146835
0.096407
0.121200
0.103509
0.128423
0.086935
0.133520
0.124126
0.129041
0.095901
0.161230
0.133558
0.130114
0.108600
0.133653
0.110719
0.118297
0.098368
0.167789
0.149052
0.171050
0.133948
0.175147
0.143975
0.157835
0.094898
0.135711
0.140451
0.136965
0.103773
0.083269
0.098423
0.098585
0.070545
0.095840
0.103924
0.115488
0.100556
0.189090
0.183304
0.205349
0.145634
0.197955
0.174722
0.204416
0.129876
0.176215
0.156261
0.145653
0.095460
0.126741
0.125578
0.159035
0.125656
0.171325
0.142232
0.140117
0.111066
0.136361
0.128962
0.121518
0.085960
0.103572
0.117231
0.145874
0.103209
0.123916
0.115281
0.118195
0.075534
0.095907
0.111910
0.111411
0.068758
0.093525
0.119761
0.121532
0.068225
0.116729
0.095063
0.121342
0.092745
0.107732
0.091001
0.102811
0.069918
0.108989
0.087444
0.093317
0.069496
0.084700
0.070138
0.070306
0.038497
0.078036
0.078988
0.082379
0.064398
0.100116
0.079899
0.085308
0.058529
0.084338
0.076523
0.091386
0.058762
0.077129
0.073058
0.081074
0.054763
0.084572
0.091712
0.099883
0.053863
0.083262
0.075454
0.090594
0.051852
0.092162
0.075616
0.083045
0.059372
0.072905
0.052864
0.042165
0.030555
0.057044
0.051832
0.068487
0.037943
0.065249
0.057993
0.070067
0.044963
0.076700
0.067679
0.067218
0.047820
0.070951
0.059615
0.072460
0.050258
0.076649
0.061552
0.076173
0.049516
0.060420
0.068905
0.079420
0.062625
0.090611
0.084098
0.096276
0.055925
0.079040
0.059309
0.065041
0.046234
0.080675
0.072215
0.097312
0.053053
0.075282
0.078801
0.093066
0.056913
0.088826
0.081443
0.115438
0.067057
0.115164
0.111152
0.115882
0.064001
0.097711
0.100324
0.143988
0.095595
0.160266
0.131872
0.140723
0.087452
0.130241
0.107237
0.116779
0.064416
0.089609
0.090065
0.130970
0.076622
0.117414
0.097569
0.130619
0.069888
0.110769
0.095073
0.117202
0.065337
0.102403
0.097491
0.143217
0.072083
0.112753
0.102112
0.122044
0.071676
0.118051
0.094577
0.122343
0.075977
0.138776
0.138581
0.169814
0.099910
0.166719
0.148803
0.181190
0.104625
0.173652
0.150908
0.173658
0.098960
0.143162
0.107584
0.119169
0.062562
0.108470
0.104411
0.131716
0.082989
0.126961
0.102980
0.109963
0.066380
0.104714
0.091028
0.112049
0.070013
0.139006
0.127449
0.156348
0.086067
0.140120
0.121347
0.145461
0.070917
0.119686
0.109229
0.120766
0.066651
0.112130
0.099745
0.109407
0.063574
0.105463
0.097689
0.117806
0.065783
0.094706
0.085589
0.111477
0.064942
0.116480
0.091462
0.107826
0.056492
0.085380
0.080529
0.100739
