0.424070
0.425678
0.498932
0.339763
0.478272
0.423725
0.405359
0.238874
0.432600
0.457914
0.511765
0.291206
0.417324
0.443588
0.475962
0.289080
0.418334
0.404102
0.454671
0.294861
0.440752
0.401415
0.425504
0.251977
0.369058
0.365513
0.418716
0.243206
0.398112
0.384009
0.427171
0.242973
0.374156
0.343091
0.413960
0.232489
0.352563
0.366867
0.437526
0.247608
0.384309
0.371499
0.410057
0.218234
0.366150
0.384737
0.395589
0.257878
0.416019
0.383275
0.414454
0.268847
0.395875
0.367082
0.428081
0.277929
0.399952
0.405822
0.466680
0.253926
0.389839
0.344432
0.427101
0.266519
0.387768
0.363501
0.409317
0.266731
0.414662
0.403045
0.453090
0.282215
0.426185
0.418840
0.408007
0.231989
0.376025
0.409289
0.405215
0.234887
0.381594
0.420046
0.472805
0.283231
0.413196
0.386018
0.438028
0.257420
0.417669
0.369051
0.428571
0.297538
0.476742
0.424989
0.466476
0.279992
0.495036
0.456061
0.476669
0.252001
0.356091
0.428896
0.503373
0.292092
0.383601
0.373030
0.433769
0.260379
0.398794
0.386335
0.388680
0.250916
0.411196
0.372863
0.412657
0.259069
0.407467
0.424774
0.480542
0.329937
0.467991
0.425492
0.477714
0.288602
0.461548
0.486272
0.521957
0.323883
0.462044
0.462524
0.516916
0.333365
0.544318
0.524593
0.550560
0.330547
0.538192
0.474175
0.494059
0.343285
0.477687
0.470259
0.517346
0.353155
0.511177
0.492391
0.515558
0.346777
0.497086
0.486832
0.546975
0.371053
0.539209
0.494365
0.506027
0.312021
0.420351
0.475705
0.532463
0.361936
0.551319
0.545567
0.595829
0.346073
0.505631
0.480012
0.547204
0.365491
0.582111
0.568974
0.607685
0.386504
0.535147
0.525804
0.545422
0.379680
0.524804
0.523399
0.572812
0.397076
0.615057
0.560642
0.591409
0.362676
0.505130
0.506945
0.588749
0.399283
0.630664
0.605972
0.641515
0.447351
0.636543
0.635181
0.637733
0.405978
0.590553
0.557431
0.576828
0.420870
0.532834
0.537530
0.558372
0.406663
0.540031
0.573151
0.618635
0.436683
0.598885
0.553980
0.593344
0.435768
0.565723
0.547526
0.612549
0.441496
0.558298
0.547594
0.571710
0.425340
0.583164
0.581968
0.647652
0.476319
0.605978
0.565948
0.589396
0.407094
0.599643
0.604747
0.609801
0.411937
0.584021
0.604137
0.676219
0.464850
0.632015
0.581839
0.644822
0.462051
0.664180
0.598370
0.584662
0.416358
0.613121
0.615628
0.649867
0.449374
0.618756
0.610978
0.634763
0.460072
0.603702
0.607659
0.628140
0.446399
0.601775
0.610335
0.691861
0.487972
0.625863
0.638008
0.697034
0.508193
0.654444
0.586530
0.616389
0.469407
0.611927
0.619549
0.659738
0.479121
0.619910
0.600550
0.644184
0.467334
0.601987
0.606915
0.657332
0.496134
0.651966
0.620074
0.626462
0.494786
0.637303
0.601497
0.609387
0.424942
0.515824
0.498479
0.582261
0.437538
0.574097
0.552174
0.559630
0.363697
0.543717
0.571768
0.626581
0.416273
0.556918
0.562093
0.585842
0.415517
0.572185
0.555625
0.615197
0.399015
0.590557
0.578196
0.621210
0.389763
0.565068
0.589364
0.649359
0.444687
0.587497
0.579676
0.624308
0.434871
0.589495
0.596852
0.613506
0.441296
0.622384
0.601503
0.630914
0.396048
0.520922
0.482858
0.542099
0.349576
0.463547
0.426378
0.494582
0.330521
0.491187
0.474993
0.501335
0.348452
0.551028
0.510111
0.513971
0.360652
0.486906
0.443388
0.465337
0.355409
0.561791
0.525327
0.589568
0.400951
0.563544
0.507172
0.553474
0.341183
0.474835
0.505459
0.500970
0.364823
0.340614
0.393749
0.399573
0.289408
0.370267
0.410961
0.445072
0.365127
0.580071
0.585537
0.619186
0.425562
0.575545
0.549513
0.624785
0.407779
0.551887
0.524278
0.534026
0.332165
0.457780
0.467264
0.559506
0.405341
0.561688
0.512493
0.509945
0.376648
0.486750
0.474793
0.475667
0.327379
0.418312
0.458743
0.550653
0.363884
0.481202
0.465292
0.490871
0.303585
0.409895
0.455530
0.486478
0.289826
0.403111
0.489600
0.508256
0.290158
0.476630
0.437655
0.522301
0.338162
0.456172
0.420146
0.478670
0.295343
0.462532
0.415182
0.442871
0.297987
0.394452
0.361253
0.368344
0.211903
0.379393
0.413314
0.424651
0.294637
0.451885
0.405925
0.423332
0.281986
0.401793
0.392913
0.454652
0.282227
0.377965
0.372400
0.416746
0.276467
0.404243
0.447914
0.463077
0.266716
0.390934
0.383098
0.443323
0.255187
0.425463
0.391010
0.419774
0.275864
0.358612
0.305929
0.263275
0.182022
0.324089
0.313808
0.398225
0.214818
0.359623
0.344662
0.399384
0.251615
0.408629
0.393153
0.388620
0.254042
0.379209
0.353700
0.415156
0.269112
0.403553
0.362890
0.431782
0.261588
0.337520
0.385077
0.435103
0.311666
0.453198
0.452220
0.496912
0.275851
0.397210
0.350502
0.374424
0.262679
0.415557
0.406069
0.494991
0.278241
0.390460
0.427864
0.484819
0.285315
0.428004
0.429151
0.547885
0.319935
0.513909
0.520702
0.551126
0.291679
0.449879
0.483131
0.620278
0.368360
0.619030
0.567944
0.598543
0.337116
0.534214
0.505850
0.544209
0.301479
0.430873
0.460523
0.602689
0.342978
0.524097
0.490431
0.598339
0.327110
0.514288
0.478942
0.556817
0.326246
0.489833
0.496192
0.614095
0.343213
0.516886
0.505240
0.584736
0.341713
0.521558
0.482674
0.575311
0.357973
0.592462
0.601543
0.661664
0.377115
0.622088
0.601340
0.690023
0.399226
0.629507
0.606001
0.664638
0.396375
0.562280
0.508495
0.553285
0.312895
0.486094
0.509132
0.582095
0.374442
0.551472
0.509813
0.534834
0.321637
0.485583
0.472147
0.550911
0.344412
0.583518
0.574871
0.653766
0.362722
0.575199
0.546543
0.622748
0.340861
0.535360
0.540381
0.577409
0.330878
0.526512
0.516462
0.542131
0.320468
0.504397
0.513562
0.554070
0.333016
0.471185
0.478066
0.545547
0.336680
0.546148
0.489065
0.547995
0.303080
0.452433
0.456633
0.532741
