0.279693
0.277194
0.344677
0.229813
0.316852
0.279325
0.266355
0.161887
0.289765
0.307263
0.357782
0.191643
0.276114
0.298646
0.317522
0.188216
0.269198
0.266192
0.311247
0.190707
0.291039
0.260309
0.270859
0.158068
0.237227
0.232497
0.268626
0.151918
0.249153
0.253985
0.284108
0.150867
0.241627
0.221545
0.269107
0.142566
0.218640
0.237505
0.286061
0.152495
0.244352
0.239487
0.261526
0.130467
0.228767
0.241909
0.256939
0.158507
0.268242
0.245079
0.270541
0.164120
0.255958
0.230403
0.280699
0.174316
0.255380
0.262429
0.311881
0.155917
0.246449
0.211995
0.280097
0.166924
0.249559
0.229050
0.268353
0.166706
0.266527
0.259532
0.300268
0.179563
0.272197
0.272955
0.258542
0.143731
0.236937
0.266633
0.263127
0.145821
0.238223
0.278158
0.320866
0.183407
0.268914
0.247278
0.281413
0.162562
0.265187
0.233970
0.284329
0.193235
0.318446
0.272550
0.306697
0.186558
0.327584
0.296199
0.318192
0.160729
0.223187
0.278173
0.342479
0.187552
0.244176
0.235886
0.282909
0.159543
0.251980
0.248362
0.256006
0.150706
0.260724
0.236253
0.270675
0.157294
0.262602
0.279992
0.323181
0.211939
0.308158
0.274147
0.326132
0.184921
0.308819
0.331082
0.369537
0.213980
0.308527
0.310042
0.354552
0.224204
0.377922
0.371854
0.391097
0.216370
0.374819
0.318723
0.340671
0.223384
0.318569
0.312781
0.348103
0.239561
0.349626
0.339401
0.359888
0.225757
0.336724
0.326336
0.380715
0.247904
0.369365
0.346119
0.346423
0.198148
0.274749
0.314637
0.376795
0.238479
0.385982
0.372198
0.427009
0.232812
0.344569
0.326319
0.375160
0.248729
0.411907
0.405420
0.436403
0.262076
0.371645
0.365938
0.386305
0.252038
0.364123
0.363746
0.414893
0.270498
0.442704
0.398621
0.429817
0.236738
0.343937
0.348643
0.425447
0.275084
0.454472
0.440495
0.480445
0.320146
0.476129
0.462344
0.475647
0.279464
0.428709
0.391805
0.421008
0.286412
0.376795
0.375020
0.397311
0.282452
0.386387
0.416138
0.461642
0.308078
0.436710
0.404177
0.438972
0.306872
0.404872
0.385710
0.452297
0.317049
0.399626
0.390523
0.412092
0.301893
0.425174
0.425562
0.494690
0.347770
0.444829
0.406887
0.420403
0.284231
0.442522
0.436255
0.449274
0.287407
0.419631
0.442978
0.516694
0.340822
0.470548
0.424252
0.483290
0.339745
0.500818
0.443291
0.437999
0.290202
0.444604
0.451107
0.501447
0.326233
0.461388
0.452051
0.480420
0.332573
0.442824
0.446416
0.479727
0.321256
0.447227
0.448635
0.537297
0.361977
0.471693
0.487476
0.538351
0.380957
0.497150
0.433065
0.471015
0.332509
0.458976
0.462375
0.499826
0.358900
0.467398
0.437678
0.486146
0.342994
0.444989
0.459585
0.507740
0.368579
0.495722
0.467417
0.476845
0.366615
0.481338
0.437823
0.446163
0.307690
0.361614
0.342742
0.414759
0.314835
0.407776
0.399517
0.404315
0.247833
0.385542
0.407377
0.453428
0.306935
0.403442
0.404425
0.425754
0.290456
0.410724
0.400181
0.436046
0.285380
0.425339
0.417845
0.458488
0.274466
0.405111
0.429002
0.495630
0.317436
0.427650
0.418617
0.459096
0.315584
0.434479
0.429044
0.458507
0.319019
0.453103
0.435004
0.464036
0.285319
0.357723
0.334044
0.375265
0.235331
0.305227
0.276298
0.337699
0.220161
0.335872
0.322799
0.342075
0.236022
0.393470
0.345824
0.345984
0.253473
0.332338
0.293881
0.316962
0.238245
0.394377
0.370835
0.419187
0.291451
0.398169
0.348199
0.388442
0.233675
0.325292
0.337204
0.344486
0.249927
0.217576
0.256929
0.263081
0.185950
0.247531
0.270471
0.298522
0.242501
0.421102
0.414102
0.457646
0.305032
0.418482
0.385103
0.448613
0.290343
0.391672
0.375308
0.356596
0.229473
0.310769
0.313668
0.392393
0.284073
0.397330
0.351587
0.356171
0.258208
0.327880
0.324718
0.315701
0.217017
0.270479
0.310414
0.372233
0.254049
0.317664
0.319284
0.331361
0.199898
0.262226
0.307390
0.314657
0.189225
0.258656
0.328843
0.340675
0.189089
0.320554
0.281937
0.346459
0.235452
0.300216
0.271284
0.304681
0.196131
0.304159
0.267416
0.287248
0.194167
0.247843
0.224306
0.231352
0.123009
0.232326
0.253485
0.267048
0.189415
0.290162
0.254570
0.269187
0.176449
0.249453
0.245701
0.291432
0.177353
0.229152
0.234470
0.258160
0.169992
0.252788
0.283284
0.308786
0.162960
0.243608
0.240039
0.283636
0.156225
0.266429
0.245055
0.267583
0.171566
0.221611
0.180407
0.152955
0.103943
0.186523
0.188687
0.240301
0.127596
0.213580
0.207978
0.247742
0.151405
0.249334
0.238937
0.242119
0.156574
0.234430
0.215431
0.259257
0.162012
0.244997
0.217885
0.270839
0.161952
0.202544
0.241876
0.274124
0.200870
0.284784
0.292505
0.322060
0.175471
0.246475
0.212590
0.235173
0.156755
0.254975
0.253466
0.327403
0.173192
0.242661
0.271306
0.310661
0.181054
0.274187
0.278262
0.368552
0.205104
0.337109
0.347707
0.370398
0.188618
0.290870
0.314149
0.425440
0.259952
0.435097
0.389252
0.420054
0.229490
0.360115
0.330303
0.369895
0.193931
0.272171
0.296537
0.403702
0.229909
0.350799
0.317142
0.408336
0.215069
0.338924
0.311800
0.375134
0.206458
0.320991
0.321975
0.434737
0.222322
0.340025
0.332569
0.386923
0.223060
0.354080
0.309062
0.380769
0.236343
0.404200
0.418587
0.482809
0.263634
0.437503
0.424688
0.508521
0.272034
0.451172
0.426880
0.484646
0.267030
0.386847
0.337258
0.373678
0.197960
0.317725
0.334091
0.397679
0.246505
0.373375
0.332592
0.359451
0.208899
0.320114
0.308268
0.369605
0.218386
0.404237
0.390309
0.469978
0.241843
0.395805
0.367252
0.441530
0.217334
0.356841
0.346598
0.390119
0.216325
0.353556
0.335690
0.364007
0.203999
0.331799
0.334818
0.383212
0.210907
0.308836
0.305458
0.371660
0.211807
0.361635
0.315715
0.370211
0.186082
0.286621
0.283919
0.349076
