0.184596
0.181568
0.220943
0.157510
0.206298
0.177900
0.166056
0.109121
0.189100
0.197600
0.230902
0.122335
0.176513
0.187966
0.197458
0.119824
0.166073
0.158087
0.188454
0.119488
0.175516
0.152850
0.160017
0.094474
0.142793
0.139182
0.155456
0.088732
0.144031
0.151014
0.169086
0.088250
0.142394
0.127007
0.155451
0.083179
0.125530
0.134323
0.161176
0.089613
0.142317
0.133125
0.146364
0.074206
0.129512
0.137607
0.141086
0.092293
0.155253
0.140160
0.154277
0.093974
0.149064
0.127116
0.159930
0.103174
0.148658
0.151514
0.181011
0.091053
0.143073
0.119444
0.160455
0.097685
0.143454
0.127796
0.149027
0.098081
0.154458
0.147286
0.174082
0.107163
0.157175
0.158569
0.148119
0.082613
0.138120
0.153606
0.148871
0.084431
0.137968
0.163307
0.189691
0.110150
0.157535
0.142335
0.161703
0.097588
0.153825
0.131585
0.165162
0.117806
0.192754
0.158733
0.180970
0.112325
0.197836
0.173219
0.188519
0.093223
0.128789
0.160559
0.199421
0.110329
0.141946
0.133961
0.162654
0.092086
0.148402
0.140679
0.144962
0.085464
0.151980
0.136146
0.156897
0.088995
0.153809
0.159806
0.190951
0.126543
0.187828
0.163336
0.191675
0.107628
0.185082
0.198031
0.226532
0.129738
0.186051
0.184416
0.212465
0.136628
0.236751
0.229220
0.248593
0.133771
0.233574
0.195289
0.205759
0.138746
0.196916
0.190110
0.212573
0.144254
0.217623
0.210538
0.218527
0.141024
0.207586
0.199949
0.238655
0.155081
0.231928
0.211584
0.211974
0.120934
0.167415
0.192780
0.236361
0.146251
0.242481
0.238831
0.269470
0.146553
0.217067
0.201347
0.230496
0.151213
0.258651
0.255024
0.278123
0.163784
0.233747
0.227227
0.236537
0.158476
0.228834
0.225267
0.264387
0.172645
0.292917
0.256949
0.279281
0.142779
0.215319
0.218828
0.271305
0.173003
0.298033
0.289655
0.323755
0.209422
0.323603
0.311549
0.322933
0.174594
0.285266
0.252746
0.273477
0.181087
0.242007
0.241899
0.257976
0.176752
0.250556
0.272047
0.313768
0.196131
0.293612
0.262196
0.290760
0.194322
0.268343
0.250726
0.302841
0.204874
0.261266
0.257442
0.272711
0.196516
0.286354
0.283157
0.341655
0.227763
0.296861
0.264388
0.274609
0.180860
0.297348
0.289642
0.294022
0.189108
0.278847
0.298433
0.352716
0.230341
0.321365
0.284542
0.327860
0.227365
0.348478
0.291835
0.288426
0.188642
0.301649
0.305593
0.341119
0.219501
0.317850
0.310170
0.335135
0.221682
0.302236
0.302549
0.328854
0.214182
0.302302
0.304702
0.383565
0.246171
0.331225
0.337663
0.386789
0.268409
0.357556
0.295302
0.323024
0.227100
0.316213
0.322934
0.354325
0.251353
0.330443
0.304533
0.341541
0.237477
0.312547
0.315029
0.354104
0.260850
0.354959
0.324965
0.328565
0.261137
0.340630
0.298641
0.309482
0.207523
0.236201
0.225358
0.271664
0.216805
0.275696
0.264661
0.265794
0.166155
0.259830
0.278314
0.304943
0.210211
0.274143
0.268952
0.285345
0.199165
0.277826
0.264850
0.294059
0.195819
0.295562
0.277153
0.303492
0.183809
0.274167
0.289305
0.339055
0.224764
0.290837
0.282859
0.311274
0.220424
0.297706
0.289784
0.309584
0.223608
0.309048
0.296684
0.306252
0.196026
0.234003
0.211666
0.238069
0.153135
0.192808
0.169787
0.211480
0.140097
0.212138
0.202901
0.213301
0.152529
0.254488
0.218036
0.215919
0.169257
0.211325
0.182732
0.194914
0.155506
0.259729
0.241016
0.270584
0.203661
0.266198
0.230337
0.250669
0.149985
0.208894
0.219598
0.217028
0.162302
0.132289
0.159631
0.161247
0.114146
0.152548
0.167832
0.183927
0.157898
0.282474
0.280437
0.314635
0.215145
0.289231
0.262739
0.308775
0.197509
0.263429
0.240031
0.232042
0.148927
0.197695
0.199214
0.254803
0.190424
0.266063
0.223411
0.228783
0.174085
0.215513
0.205661
0.202693
0.139272
0.167444
0.191124
0.235861
0.165944
0.199220
0.192536
0.200816
0.125949
0.159478
0.187385
0.188240
0.117234
0.157936
0.202656
0.207044
0.116990
0.197710
0.169587
0.208663
0.152533
0.181522
0.161593
0.179820
0.120468
0.183300
0.158154
0.166775
0.118646
0.145394
0.128668
0.129475
0.069858
0.133569
0.145011
0.149986
0.113844
0.172743
0.145903
0.153402
0.103475
0.145180
0.138805
0.162533
0.105268
0.133021
0.133794
0.146453
0.098006
0.145969
0.166536
0.177023
0.095214
0.142386
0.136483
0.160867
0.090986
0.157162
0.138973
0.150717
0.101649
0.127066
0.098259
0.080605
0.055358
0.101885
0.099503
0.128463
0.069343
0.116852
0.111286
0.134449
0.082074
0.137131
0.129782
0.128179
0.087843
0.129374
0.117411
0.138129
0.092322
0.139231
0.118854
0.145206
0.091516
0.110113
0.132973
0.151482
0.113337
0.161668
0.163423
0.183211
0.101600
0.140955
0.117491
0.126863
0.086127
0.144520
0.140168
0.183225
0.098491
0.138297
0.151758
0.175677
0.103957
0.158637
0.158011
0.212852
0.120072
0.201019
0.206820
0.216907
0.112987
0.171815
0.185150
0.258333
0.162715
0.273823
0.235520
0.255627
0.149409
0.223854
0.195017
0.216250
0.115180
0.159814
0.168231
0.242019
0.136540
0.209078
0.182665
0.239477
0.126800
0.199509
0.179054
0.218845
0.120950
0.189361
0.186940
0.262924
0.131330
0.201598
0.192077
0.227075
0.131651
0.209124
0.179098
0.226779
0.138664
0.245889
0.253603
0.298894
0.173011
0.283096
0.267072
0.321716
0.179336
0.293419
0.267351
0.310553
0.164323
0.240249
0.196465
0.219675
0.114819
0.189701
0.195156
0.238272
0.149216
0.224872
0.192203
0.206314
0.122424
0.187242
0.177112
0.212478
0.128269
0.248009
0.233494
0.286189
0.152332
0.249922
0.221737
0.269016
0.129740
0.219028
0.204593
0.230170
0.123735
0.209524
0.189458
0.208797
0.118395
0.196123
0.193884
0.226090
0.120907
0.178449
0.169078
0.213632
0.120599
0.213364
0.178391
0.209261
0.105270
0.162154
0.159613
0.196626
