0.291304
0.227692
0.282655
0.152586
0.290572
0.218342
0.269047
0.113904
0.307746
0.213094
0.290514
0.130429
0.303466
0.225284
0.293241
0.122894
0.262136
0.204948
0.257884
0.114473
0.233316
0.198333
0.274377
0.123565
0.258460
0.207397
0.274671
0.129900
0.287107
0.220269
0.279122
0.124682
0.285411
0.212088
0.288426
0.125747
0.271918
0.208470
0.266069
0.128121
0.275931
0.208582
0.295050
0.122165
0.256291
0.209749
0.280841
0.127740
0.286920
0.209814
0.279690
0.122235
0.267814
0.203052
0.259484
0.117809
0.247777
0.192245
0.245592
0.113938
0.245247
0.185465
0.233578
0.100292
0.216798
0.175437
0.223992
0.100664
0.221575
0.189859
0.229232
0.104639
0.265534
0.186985
0.255506
0.115976
0.256085
0.183567
0.248509
0.114829
0.247986
0.200302
0.244559
0.106303
0.224350
0.186026
0.249746
0.112179
0.239363
0.185775
0.234371
0.098774
0.216569
0.177744
0.227575
0.103968
0.221695
0.173988
0.233127
0.112504
0.218492
0.180913
0.236575
0.110068
0.249727
0.178841
0.236993
0.104574
0.222555
0.185383
0.223347
0.096929
0.216421
0.167472
0.244665
0.110524
0.223401
0.170551
0.242169
0.106820
0.225787
0.174330
0.235055
0.103617
0.221777
0.165012
0.210949
0.094704
0.211947
0.168111
0.221161
0.094071
0.203346
0.173827
0.225739
0.098592
0.216619
0.153344
0.198585
0.086430
0.211921
0.157377
0.183336
0.081481
0.183037
0.146932
0.188212
0.085264
0.203435
0.157449
0.200101
0.090413
0.187459
0.147071
0.196766
0.085674
0.205477
0.145352
0.177757
0.087388
0.207736
0.158586
0.199761
0.088464
0.201617
0.143079
0.187319
0.086867
0.186492
0.138165
0.166504
0.078595
0.175270
0.137485
0.174190
0.074311
0.158806
0.115791
0.151723
0.069059
0.156548
0.117878
0.141376
0.061933
0.145188
0.111306
0.147539
0.067912
0.122562
0.105192
0.129469
0.064221
0.152334
0.116295
0.132972
0.069114
0.145415
0.114242
0.148228
0.065548
0.147348
0.112944
0.151803
0.065814
0.156287
0.126987
0.159977
0.073692
0.155279
0.139294
0.187479
0.077838
0.186559
0.141358
0.190073
0.078680
0.187700
0.154809
0.199992
0.081047
0.177717
0.152153
0.208826
0.088246
0.202366
0.159494
0.207879
0.088193
0.206586
0.159385
0.204538
0.084404
0.192675
0.160158
0.196430
0.086131
0.183850
0.152756
0.207719
0.082184
0.192690
0.157881
0.212473
0.084953
0.193565
0.160513
0.219313
0.087808
0.207340
0.170245
0.227324
0.092965
0.211945
0.178767
0.236720
0.098063
0.233806
0.190601
0.249171
0.098485
0.245719
0.190898
0.251010
0.104682
0.241795
0.185171
0.256001
0.102651
0.228989
0.191872
0.256386
0.100751
0.228725
0.183722
0.260630
0.097941
0.241148
0.180487
0.239360
0.098715
0.221139
0.185483
0.244469
0.096938
0.230110
0.188670
0.265091
0.101006
0.234219
0.209642
0.270630
0.109547
0.240481
0.203816
0.268385
0.106537
0.247721
0.200844
0.268000
0.105430
0.240555
0.198271
0.267638
0.109321
0.253103
0.221768
0.284175
0.115013
0.266799
0.210991
0.284125
0.114262
0.271140
0.229030
0.295190
0.103361
0.259130
0.220407
0.301218
0.117235
0.267398
0.220912
0.275457
0.114150
0.261416
0.220587
0.299033
0.116592
0.274483
0.231347
0.301181
0.109625
0.279786
0.240266
0.315292
0.107975
0.298154
0.240128
0.314826
0.116031
0.292342
0.229790
0.319824
0.109158
0.304396
0.236998
0.311539
0.112865
0.278152
0.257627
0.328570
0.115468
0.305471
0.248122
0.335363
0.122346
0.319948
0.252020
0.323388
0.125496
0.305144
0.246035
0.326297
0.128897
0.314473
0.261062
0.339210
0.127425
0.337379
0.266540
0.342940
0.120510
0.296279
0.250288
0.340388
0.120705
0.320882
0.251587
0.363303
0.125271
0.345441
0.261682
0.342612
0.126238
0.342753
0.272818
0.357555
0.131254
0.335018
0.237499
0.369152
0.136702
0.329705
0.269008
0.363576
0.133182
0.341525
0.258725
0.363551
0.128907
0.320838
0.266966
0.348381
0.130869
0.319516
0.245760
0.331833
0.118166
0.300354
0.245761
0.340668
0.121143
0.288150
0.230957
0.315226
0.129700
0.298564
0.239319
0.329107
0.113682
0.271269
0.239574
0.279062
0.124838
0.273588
0.239247
0.301819
0.119273
0.267007
0.236738
0.300461
0.123537
0.245539
0.219195
0.280595
0.113732
0.254839
0.215248
0.264061
0.108075
0.244947
0.211010
0.262454
0.100791
0.229679
0.186895
0.235587
0.093065
0.203932
0.172227
0.190834
0.082382
0.173366
0.160886
0.210503
0.087787
0.198877
0.159824
0.219460
0.081696
0.153822
0.148277
0.200377
0.090856
0.221956
0.184847
0.247059
0.092476
0.195452
0.201324
0.249921
0.109086
0.247260
0.192892
0.247669
0.103731
0.239058
0.202289
0.246835
0.103052
0.232566
0.198027
0.261406
0.109224
0.237264
0.197828
0.248505
0.102693
0.237617
0.195659
0.245040
0.104883
0.236855
0.191957
0.238020
0.099271
0.231745
0.194648
0.244213
0.102393
0.234435
0.198867
0.248209
0.104749
0.239976
0.199069
0.247126
0.108670
0.252152
0.215403
0.274855
0.109417
0.250077
0.215723
0.265281
0.119017
0.269875
0.223450
0.290383
0.114679
0.280054
0.240020
0.304418
0.124657
0.271794
0.224583
0.303984
0.123963
0.289810
0.239632
0.296358
0.122677
0.255326
0.232581
0.300256
0.126139
0.278929
0.195749
0.263074
0.117048
0.267954
0.235574
0.265759
0.122621
0.281343
0.210361
0.288712
0.124047
0.284410
0.216643
0.221391
0.104955
0.278579
0.211815
0.234315
0.110756
0.242803
0.210207
0.244894
0.114570
0.253783
0.199949
0.268265
0.112787
0.261209
0.183548
0.232939
0.104529
0.231600
0.189699
0.250724
0.105815
0.231996
0.191632
0.250532
0.109785
0.222986
0.190478
0.247581
0.107460
0.243634
0.197353
0.250565
0.108350
0.240253
0.193599
0.247279
0.111002
0.246685
0.211928
0.256468
0.112853
0.235344
0.205466
0.261412
0.115134
0.250251
0.193307
0.254610
