0.711778
0.607983
0.680512
0.387497
0.694120
0.605608
0.636395
0.225483
0.665324
0.578080
0.658151
0.323075
0.668156
0.593764
0.638534
0.332678
0.632719
0.551094
0.625836
0.312972
0.583429
0.545704
0.639393
0.348786
0.630027
0.577454
0.629603
0.338394
0.674836
0.602101
0.666199
0.322230
0.689473
0.591068
0.658044
0.335915
0.651875
0.600214
0.647307
0.341280
0.651074
0.601925
0.676704
0.330144
0.636183
0.594083
0.654614
0.347193
0.700275
0.585869
0.633302
0.341213
0.682336
0.580098
0.611573
0.335578
0.655214
0.569528
0.599930
0.332464
0.645500
0.563886
0.596656
0.306148
0.601142
0.539697
0.581393
0.316969
0.602140
0.555092
0.589730
0.328684
0.671517
0.556617
0.630668
0.327768
0.670223
0.548242
0.606998
0.339577
0.647968
0.584159
0.598147
0.319467
0.630388
0.543098
0.621544
0.343187
0.641551
0.533661
0.596141
0.319635
0.598254
0.542927
0.578653
0.331775
0.613355
0.534197
0.598271
0.337074
0.609897
0.541198
0.594409
0.339235
0.656788
0.551509
0.599778
0.313244
0.624301
0.559329
0.574385
0.316364
0.607787
0.518927
0.623771
0.338009
0.640224
0.519723
0.618179
0.324224
0.631610
0.538224
0.597166
0.328105
0.627852
0.516245
0.564821
0.310995
0.624597
0.515485
0.579016
0.311218
0.602877
0.531204
0.613954
0.314714
0.625737
0.495020
0.565869
0.295977
0.590329
0.502006
0.535183
0.292397
0.537145
0.479970
0.548089
0.301964
0.590999
0.502931
0.548717
0.312990
0.564724
0.481625
0.540053
0.304487
0.582927
0.475898
0.510478
0.311970
0.583472
0.492889
0.530540
0.317756
0.586634
0.459770
0.530651
0.314401
0.534016
0.472932
0.482554
0.301514
0.533193
0.469112
0.504153
0.286742
0.494647
0.419085
0.470450
0.280176
0.485122
0.432491
0.457073
0.254090
0.471534
0.411735
0.474509
0.277509
0.411182
0.384401
0.441768
0.276587
0.494583
0.424472
0.446078
0.273707
0.474523
0.423503
0.463413
0.275502
0.481576
0.416185
0.483828
0.262441
0.506521
0.452920
0.502127
0.282356
0.491935
0.471950
0.531366
0.298503
0.576701
0.471338
0.538957
0.295626
0.574708
0.506551
0.555598
0.290997
0.557030
0.489343
0.570482
0.313699
0.602228
0.507836
0.553120
0.302726
0.605881
0.505057
0.535818
0.297354
0.575625
0.499739
0.529915
0.308943
0.553830
0.486275
0.551388
0.307657
0.569516
0.486961
0.564550
0.307671
0.563381
0.493700
0.563542
0.322341
0.590811
0.517297
0.569196
0.316237
0.601801
0.527173
0.583613
0.325089
0.640831
0.541245
0.596117
0.325266
0.664511
0.535110
0.586046
0.341811
0.634637
0.521392
0.593966
0.344586
0.611177
0.533483
0.590612
0.341553
0.618019
0.523902
0.596746
0.338711
0.638236
0.516049
0.560823
0.335643
0.599527
0.529158
0.565628
0.336157
0.620130
0.515316
0.598768
0.344507
0.619337
0.556111
0.608805
0.360689
0.630355
0.550262
0.592641
0.352858
0.632947
0.545744
0.598941
0.350778
0.624202
0.548322
0.601125
0.356499
0.645798
0.577335
0.614633
0.364266
0.661351
0.560345
0.616596
0.363240
0.672974
0.574569
0.637781
0.357615
0.665311
0.550380
0.646068
0.368411
0.659499
0.564733
0.605954
0.364654
0.641346
0.571997
0.622729
0.374737
0.657857
0.581730
0.634912
0.381513
0.666963
0.583583
0.660505
0.375372
0.695516
0.609852
0.645129
0.384397
0.676185
0.593575
0.650597
0.380019
0.687501
0.598736
0.632784
0.390819
0.658372
0.611553
0.649429
0.397370
0.697152
0.612432
0.657726
0.403707
0.716083
0.608354
0.645310
0.407429
0.693128
0.611744
0.666096
0.407663
0.703382
0.612519
0.678053
0.408172
0.723656
0.640549
0.674912
0.394581
0.667575
0.609162
0.646394
0.414390
0.709430
0.605576
0.691688
0.403869
0.756997
0.610472
0.677727
0.404826
0.739007
0.626312
0.686385
0.421647
0.726065
0.582426
0.682488
0.435255
0.723705
0.625714
0.676148
0.425351
0.732464
0.614506
0.683041
0.414727
0.705808
0.622271
0.650180
0.433952
0.687651
0.609631
0.639925
0.406535
0.674609
0.596285
0.633783
0.421970
0.641739
0.578984
0.607367
0.426765
0.662999
0.571649
0.636753
0.398863
0.634266
0.570477
0.566726
0.405814
0.645187
0.571434
0.602860
0.391021
0.631374
0.575713
0.604016
0.402814
0.605407
0.546643
0.590173
0.386551
0.607394
0.536526
0.579179
0.371886
0.604864
0.529301
0.570340
0.366623
0.595216
0.501724
0.540487
0.345696
0.541393
0.476578
0.485535
0.319501
0.489315
0.456192
0.503630
0.341902
0.538352
0.454621
0.530006
0.320934
0.452459
0.441130
0.493112
0.352931
0.558229
0.517668
0.554779
0.346485
0.537897
0.532216
0.569575
0.381524
0.609723
0.513958
0.556712
0.372068
0.592813
0.537849
0.539571
0.374584
0.588847
0.522131
0.577995
0.383107
0.585386
0.529961
0.560283
0.369044
0.600422
0.522240
0.543690
0.372386
0.591274
0.507536
0.536775
0.362099
0.595177
0.508880
0.535864
0.370540
0.594404
0.511602
0.546730
0.377682
0.601204
0.510322
0.547062
0.384457
0.607507
0.539343
0.583794
0.384861
0.611098
0.539632
0.587269
0.387581
0.632854
0.551252
0.600244
0.383733
0.656184
0.571125
0.615781
0.398315
0.630294
0.557753
0.614837
0.402584
0.651658
0.575782
0.617572
0.387924
0.618887
0.561709
0.613684
0.401995
0.647650
0.509278
0.565436
0.391212
0.626249
0.563288
0.570196
0.403401
0.655800
0.530266
0.596502
0.401781
0.655169
0.545065
0.513821
0.363163
0.656204
0.542311
0.514403
0.380059
0.595972
0.535546
0.539301
0.392949
0.594233
0.529759
0.567706
0.399804
0.620436
0.498382
0.525125
0.374186
0.572198
0.506006
0.557176
0.379024
0.574281
0.511607
0.553448
0.384735
0.561943
0.505036
0.568104
0.375711
0.582283
0.524745
0.556521
0.384193
0.590115
0.524470
0.549849
0.386410
0.602273
0.550796
0.569089
0.380348
0.593748
0.540665
0.568321
0.389461
0.597080
0.521416
0.562622
