0.809947
0.725292
0.789891
0.572003
0.785464
0.731464
0.791308
0.334940
0.773540
0.716178
0.791720
0.485310
0.802867
0.717978
0.757024
0.505793
0.754893
0.705880
0.759453
0.463284
0.738086
0.695601
0.769105
0.507123
0.769746
0.729465
0.755776
0.503650
0.779857
0.758063
0.785068
0.491469
0.801475
0.739557
0.785907
0.500626
0.789749
0.735800
0.772201
0.518084
0.768699
0.731733
0.802308
0.504842
0.784710
0.724519
0.768702
0.538605
0.813974
0.732960
0.776887
0.520332
0.803795
0.747135
0.752019
0.518709
0.776315
0.724887
0.767799
0.507241
0.782181
0.718447
0.745820
0.486816
0.734621
0.701830
0.727222
0.500637
0.747648
0.719522
0.737064
0.497497
0.799520
0.720756
0.759389
0.511121
0.781691
0.713718
0.775915
0.516809
0.784929
0.740862
0.756713
0.493523
0.773832
0.709167
0.770379
0.506148
0.778721
0.718791
0.728487
0.500021
0.752743
0.703810
0.747169
0.490591
0.754661
0.691956
0.753713
0.516353
0.768213
0.689514
0.761367
0.508020
0.793580
0.716191
0.780366
0.487949
0.759466
0.722855
0.746065
0.484369
0.770778
0.701879
0.766482
0.500368
0.770121
0.712746
0.766919
0.500878
0.768360
0.698416
0.756804
0.512822
0.769014
0.678001
0.745261
0.478039
0.758444
0.697340
0.756597
0.472583
0.749365
0.696481
0.777259
0.489182
0.760822
0.676771
0.733064
0.470044
0.745928
0.685364
0.694834
0.465268
0.693157
0.663226
0.699753
0.475859
0.728542
0.672598
0.714999
0.490732
0.725650
0.649332
0.704204
0.484051
0.736696
0.638375
0.665445
0.503679
0.722041
0.682633
0.677952
0.502848
0.727138
0.628318
0.690620
0.501875
0.704807
0.641769
0.654674
0.475686
0.693658
0.646766
0.680562
0.455640
0.671141
0.582484
0.657326
0.447597
0.668107
0.596718
0.634455
0.420336
0.651998
0.590341
0.661048
0.430586
0.593147
0.572266
0.624576
0.438970
0.649943
0.631797
0.621683
0.434459
0.662406
0.589014
0.655977
0.438662
0.652955
0.594581
0.660592
0.444082
0.682894
0.620970
0.678071
0.450209
0.649081
0.656105
0.710977
0.485330
0.733008
0.645925
0.701405
0.476509
0.740806
0.680928
0.721812
0.472042
0.714143
0.670512
0.749699
0.493219
0.742189
0.690505
0.708915
0.508763
0.748608
0.678233
0.710927
0.490697
0.733298
0.661136
0.702196
0.502601
0.712727
0.670137
0.727573
0.476279
0.744073
0.648871
0.728632
0.500148
0.726556
0.662649
0.722906
0.511534
0.740193
0.680091
0.727777
0.512164
0.751142
0.674824
0.738826
0.531025
0.781436
0.704489
0.737961
0.514330
0.787030
0.710536
0.725899
0.541942
0.768395
0.684050
0.751747
0.538668
0.759661
0.705907
0.724794
0.535863
0.753976
0.693967
0.746712
0.521115
0.774168
0.674252
0.713234
0.530179
0.747171
0.687147
0.730744
0.528280
0.741731
0.689453
0.750986
0.541901
0.752776
0.721781
0.754492
0.541069
0.759799
0.704710
0.743297
0.550256
0.761543
0.703842
0.749276
0.536763
0.752058
0.703895
0.748063
0.541137
0.783631
0.725501
0.758631
0.557922
0.787043
0.719497
0.754474
0.553268
0.793422
0.740885
0.766401
0.550295
0.775976
0.728519
0.781497
0.553374
0.780259
0.727990
0.752539
0.552431
0.767174
0.717364
0.764790
0.567950
0.788238
0.719950
0.766132
0.573407
0.799383
0.726133
0.782612
0.563281
0.810033
0.753272
0.775609
0.573355
0.799668
0.737050
0.792791
0.560866
0.806359
0.740445
0.750742
0.593977
0.778206
0.756507
0.783346
0.577226
0.808160
0.743992
0.784324
0.586861
0.823351
0.757143
0.778655
0.593320
0.805229
0.747412
0.783818
0.588484
0.807902
0.755751
0.781256
0.603317
0.820578
0.764355
0.791840
0.593150
0.796681
0.733327
0.784680
0.590355
0.817521
0.747889
0.798402
0.594644
0.840979
0.758440
0.800306
0.584403
0.838367
0.763049
0.800944
0.612144
0.818183
0.737546
0.790784
0.621037
0.828007
0.758109
0.799675
0.614136
0.815799
0.767911
0.776118
0.614870
0.808985
0.752430
0.775434
0.623458
0.795585
0.741640
0.757272
0.599676
0.793125
0.734608
0.761968
0.599581
0.765101
0.729797
0.753821
0.587412
0.781333
0.708131
0.753924
0.584663
0.759803
0.716904
0.699449
0.602716
0.773248
0.735162
0.724415
0.555441
0.772513
0.716264
0.726044
0.593250
0.724866
0.693386
0.732998
0.563654
0.747832
0.689740
0.706114
0.554877
0.739607
0.692647
0.720650
0.532397
0.717351
0.659591
0.700795
0.506848
0.685761
0.642449
0.633525
0.475949
0.630757
0.603964
0.652771
0.513155
0.676165
0.623869
0.651827
0.501657
0.580330
0.603547
0.656559
0.522558
0.704554
0.657834
0.710499
0.509102
0.676431
0.687580
0.697186
0.566708
0.725534
0.671909
0.697806
0.562205
0.712240
0.679974
0.687538
0.562558
0.715643
0.676788
0.718368
0.572702
0.721337
0.664757
0.703385
0.553375
0.722658
0.669665
0.689748
0.566952
0.714202
0.660517
0.684340
0.545542
0.718508
0.664849
0.681125
0.558912
0.714479
0.673249
0.700671
0.559668
0.718677
0.670700
0.703833
0.568648
0.735598
0.689358
0.717311
0.567181
0.746632
0.696739
0.724773
0.580047
0.754216
0.709732
0.739167
0.574368
0.778799
0.722492
0.753555
0.579021
0.761784
0.702599
0.758480
0.582130
0.772764
0.729859
0.750070
0.565019
0.747588
0.714813
0.750662
0.583329
0.761202
0.669367
0.703753
0.581538
0.738544
0.717352
0.702135
0.600496
0.754051
0.697686
0.741669
0.577675
0.772355
0.688219
0.657862
0.561059
0.756950
0.685744
0.673868
0.562847
0.716477
0.689117
0.692930
0.575082
0.736161
0.676265
0.722458
0.564214
0.735849
0.661272
0.682510
0.547668
0.697313
0.669654
0.700419
0.546722
0.704721
0.660257
0.713873
0.559143
0.679963
0.671225
0.713886
0.552235
0.726145
0.689683
0.710751
0.546954
0.725286
0.679093
0.711815
0.564834
0.740163
0.707831
0.718280
0.546363
0.719800
0.705781
0.717477
0.557098
0.737440
0.678518
0.717385
