0.560496
0.426816
0.495400
0.233160
0.553091
0.410147
0.487443
0.142293
0.528403
0.394798
0.483309
0.192104
0.526409
0.403284
0.490510
0.187438
0.473285
0.380993
0.451830
0.189061
0.429792
0.370282
0.475907
0.204251
0.471390
0.379400
0.469389
0.198821
0.504513
0.400062
0.484934
0.190106
0.514217
0.397122
0.496621
0.195371
0.496197
0.393069
0.471125
0.198629
0.496146
0.394733
0.511053
0.190978
0.471298
0.396045
0.491349
0.201212
0.521538
0.390601
0.478881
0.196924
0.502787
0.389531
0.451368
0.190914
0.474963
0.371370
0.448655
0.197037
0.469366
0.359026
0.430205
0.180066
0.425215
0.355160
0.419489
0.179306
0.440643
0.367019
0.423244
0.186586
0.497713
0.371561
0.458812
0.190311
0.486843
0.360194
0.440766
0.193045
0.484907
0.384603
0.432604
0.179945
0.449185
0.361042
0.438663
0.201065
0.458144
0.365012
0.419213
0.183109
0.425799
0.356469
0.408594
0.192369
0.438067
0.354815
0.416816
0.200080
0.437837
0.351097
0.428686
0.197300
0.486788
0.357857
0.428798
0.182062
0.447565
0.366881
0.408360
0.181157
0.429895
0.342117
0.437557
0.200371
0.451275
0.335708
0.434246
0.196377
0.452028
0.343253
0.426514
0.191543
0.438940
0.332963
0.390318
0.180136
0.435834
0.339786
0.403805
0.178985
0.415952
0.353930
0.416169
0.184953
0.435209
0.310635
0.380084
0.168688
0.415237
0.330964
0.355294
0.163008
0.365782
0.312201
0.373487
0.167127
0.401136
0.322078
0.381843
0.174364
0.388606
0.305343
0.379878
0.166618
0.395328
0.307650
0.338556
0.173280
0.403659
0.326146
0.371860
0.174907
0.403742
0.298823
0.353931
0.172784
0.369944
0.296056
0.328240
0.159181
0.353328
0.292384
0.341072
0.151463
0.322228
0.256585
0.303450
0.144091
0.318723
0.264816
0.290722
0.133466
0.297564
0.249637
0.302241
0.144078
0.254350
0.240342
0.267830
0.140688
0.317641
0.264422
0.276509
0.145769
0.302824
0.262132
0.304176
0.139407
0.309335
0.251048
0.314827
0.138932
0.320455
0.282841
0.331655
0.151624
0.317827
0.299648
0.368087
0.160959
0.397064
0.297321
0.365651
0.158914
0.392106
0.326352
0.384890
0.161486
0.375913
0.310749
0.396318
0.175861
0.421152
0.328722
0.393767
0.173636
0.427488
0.321059
0.388653
0.167771
0.389093
0.326491
0.372210
0.173108
0.374214
0.314970
0.387671
0.167372
0.398261
0.317202
0.399035
0.170843
0.399284
0.317454
0.407212
0.175449
0.422509
0.337094
0.421620
0.170247
0.429555
0.341694
0.433669
0.178571
0.459718
0.362068
0.442576
0.180834
0.472872
0.361177
0.439243
0.189332
0.462301
0.347998
0.442683
0.187879
0.441465
0.363312
0.439426
0.186510
0.430246
0.354494
0.450816
0.182930
0.450295
0.349453
0.415666
0.185336
0.422217
0.354253
0.426670
0.183608
0.438647
0.350366
0.454056
0.188783
0.442659
0.386160
0.453136
0.203060
0.459533
0.377462
0.442817
0.195956
0.464146
0.372526
0.449139
0.194515
0.451380
0.370538
0.451210
0.200154
0.466103
0.394189
0.467735
0.211555
0.480403
0.383893
0.462588
0.210440
0.490580
0.407373
0.474336
0.211034
0.480206
0.396894
0.484359
0.213417
0.477683
0.397064
0.446275
0.212111
0.477299
0.394982
0.483185
0.215472
0.485344
0.412474
0.483290
0.223543
0.500480
0.411991
0.503610
0.215345
0.526550
0.424356
0.506280
0.227560
0.506617
0.421467
0.507944
0.221350
0.529983
0.424504
0.492334
0.225920
0.495157
0.440955
0.513580
0.228466
0.534601
0.436023
0.521133
0.238646
0.544897
0.444360
0.509082
0.243221
0.529366
0.436520
0.524443
0.248504
0.535937
0.451337
0.531615
0.245311
0.556300
0.467013
0.537164
0.235906
0.504807
0.433611
0.517670
0.245549
0.536783
0.449020
0.534476
0.248323
0.569127
0.460172
0.524531
0.244881
0.565613
0.477221
0.543170
0.251710
0.561507
0.416960
0.560472
0.263477
0.554294
0.465966
0.549181
0.254500
0.558035
0.458561
0.547903
0.250147
0.540773
0.462807
0.518907
0.255410
0.523800
0.439823
0.504987
0.237919
0.511483
0.433939
0.503195
0.247061
0.484961
0.422088
0.469150
0.243178
0.503520
0.408700
0.488970
0.237168
0.463764
0.411338
0.434275
0.237818
0.473057
0.405648
0.460964
0.225008
0.464253
0.410653
0.462952
0.235937
0.428996
0.382827
0.436160
0.232957
0.452076
0.374537
0.421244
0.213629
0.433152
0.375222
0.422234
0.209836
0.418338
0.342128
0.382421
0.197820
0.373554
0.320456
0.329667
0.177578
0.325171
0.303706
0.356176
0.191658
0.375840
0.307286
0.370253
0.178269
0.299904
0.293135
0.347755
0.198523
0.400508
0.352818
0.408021
0.195411
0.374331
0.369906
0.412241
0.222826
0.444063
0.357429
0.403817
0.213956
0.434611
0.367213
0.405408
0.212884
0.428351
0.361225
0.421294
0.222317
0.432884
0.359603
0.406886
0.215203
0.436595
0.362432
0.404960
0.214054
0.430516
0.350331
0.395244
0.205023
0.428505
0.361233
0.395577
0.211311
0.429092
0.356145
0.405845
0.215827
0.434432
0.359230
0.393473
0.224765
0.447307
0.376898
0.431789
0.212126
0.455914
0.380740
0.428052
0.223643
0.474621
0.396506
0.447339
0.219625
0.481030
0.416223
0.467291
0.230846
0.469995
0.392489
0.470995
0.230244
0.496068
0.406121
0.464963
0.225891
0.448251
0.397395
0.468645
0.232314
0.472570
0.348091
0.416855
0.225152
0.467486
0.400345
0.423230
0.233481
0.485536
0.366394
0.446978
0.235451
0.501067
0.367065
0.364361
0.204500
0.490512
0.377295
0.379407
0.213255
0.431182
0.377840
0.393069
0.229100
0.449719
0.354977
0.421498
0.230221
0.462691
0.332268
0.384732
0.214002
0.412022
0.349355
0.402851
0.214852
0.414320
0.348583
0.411507
0.225360
0.402572
0.341380
0.403168
0.222909
0.423084
0.359708
0.405791
0.225131
0.432505
0.351955
0.404009
0.226614
0.440837
0.376755
0.418652
0.225909
0.419688
0.370510
0.422182
0.231554
0.430826
0.355125
0.415666
