0.299427
0.179889
0.266653
0.112329
0.301995
0.205175
0.272933
0.087873
0.373193
0.233911
0.327120
0.091244
0.338775
0.228793
0.330164
0.095652
0.335668
0.225476
0.335440
0.096071
0.338642
0.227870
0.326205
0.095241
0.334974
0.228867
0.320614
0.091034
0.332364
0.223657
0.317307
0.094306
0.341988
0.218963
0.316745
0.094913
0.321454
0.213030
0.322882
0.102566
0.313981
0.221611
0.306697
0.102339
0.307867
0.216567
0.305057
0.103690
0.304650
0.217683
0.305833
0.104132
0.316356
0.218525
0.301597
0.107925
0.325562
0.221242
0.312883
0.107949
0.324913
0.226454
0.321250
0.109141
0.327239
0.222533
0.307882
0.106851
0.321292
0.222192
0.314589
0.108244
0.321307
0.223823
0.314845
0.107399
0.320226
0.220534
0.310187
0.111967
0.331000
0.225699
0.320787
0.107540
0.317157
0.223374
0.325067
0.108154
0.320895
0.226167
0.312529
0.106410
0.328309
0.223278
0.298078
0.103314
0.294632
0.221747
0.298091
0.103600
0.299485
0.220734
0.283444
0.100111
0.299334
0.213490
0.288926
0.099661
0.300314
0.211630
0.290794
0.099825
0.290521
0.216638
0.291089
0.102243
0.300359
0.206656
0.281247
0.101393
0.290254
0.219305
0.301220
0.107932
0.309475
0.218086
0.284062
0.103164
0.307546
0.229828
0.300254
0.107035
0.328621
0.235845
0.316553
0.095945
0.322516
0.231371
0.318930
0.113428
0.327010
0.226524
0.305941
0.112444
0.335294
0.238119
0.320781
0.099825
0.325520
0.227519
0.314387
0.111343
0.335551
0.233420
0.319591
0.101163
0.343096
0.236744
0.316922
0.100582
0.352148
0.244850
0.332732
0.104165
0.349922
0.239981
0.325129
0.101831
0.343851
0.238128
0.318674
0.105016
0.350303
0.245264
0.320144
0.101840
0.346483
0.241025
0.335938
0.102840
0.339213
0.237273
0.286912
0.091192
0.291573
0.211432
0.265325
0.100350
0.272551
0.209526
0.268294
0.107526
0.294440
0.212685
0.278447
0.105583
0.305720
0.235954
0.294709
0.114628
0.312526
0.228922
0.296426
0.109488
0.299411
0.215012
0.278035
0.102227
0.281541
0.211141
0.259371
0.101488
0.279613
0.207856
0.262028
0.104090
0.306165
0.216484
0.266482
0.095963
0.246628
0.194584
0.252492
0.104570
0.272222
0.203224
0.248489
0.092607
0.252677
0.192172
0.240363
0.093910
0.234098
0.177782
0.216759
0.091086
0.255344
0.188418
0.225852
0.086554
0.232047
0.174825
0.217719
0.084950
0.235235
0.180594
0.201853
0.069584
0.205947
0.159484
0.209954
0.081895
0.246193
0.179938
0.242846
0.092761
0.259810
0.195466
0.263731
0.093200
0.289381
0.204088
0.258202
0.091796
0.261024
0.180577
0.232888
0.088308
0.252729
0.181475
0.241980
0.088721
0.273058
0.193354
0.241633
0.086944
0.262702
0.195146
0.271182
0.095165
0.284123
0.201797
0.268976
0.089634
0.290343
0.203821
0.277745
0.086176
0.280867
0.202751
0.278374
0.088735
0.287315
0.201267
0.270849
0.088374
0.276134
0.199840
0.282058
0.090576
0.285117
0.195739
0.265097
0.083495
0.273011
0.197080
0.277267
0.087058
0.281792
0.198145
0.259709
0.084407
0.278143
0.201598
0.283943
0.087604
0.296659
0.200800
0.296248
0.087393
0.311611
0.207024
0.296867
0.087699
0.315765
0.211201
0.308445
0.091595
0.319729
0.214313
0.317686
0.080279
0.335884
0.213832
0.309974
0.076810
0.322151
0.216318
0.314084
0.078780
0.327106
0.213376
0.318993
0.077289
0.343909
0.221459
0.319849
0.078195
0.326713
0.216888
0.313108
0.076175
0.316740
0.212357
0.314604
0.091315
0.328945
0.218280
0.318733
0.079799
0.341305
0.223258
0.325994
0.081644
0.341269
0.221716
0.328612
0.080458
0.344196
0.225031
0.336391
0.083426
0.351885
0.219193
0.329320
0.081771
0.353362
0.225053
0.348633
0.078885
0.350924
0.232528
0.347782
0.081883
0.352410
0.227571
0.345912
0.079763
0.341287
0.229344
0.339923
0.078395
0.341452
0.223509
0.336834
0.078729
0.354387
0.228245
0.340419
0.080695
0.353506
0.230805
0.331051
0.080451
0.331451
0.219078
0.324194
0.076940
0.359490
0.221151
0.327050
0.075637
0.342507
0.228018
0.330492
0.077031
0.346155
0.221987
0.334622
0.078004
0.345422
0.231652
0.338906
0.079410
0.360985
0.228776
0.354146
0.079320
0.367696
0.233399
0.348870
0.078713
0.361711
0.231191
0.355472
0.077562
0.348930
0.229028
0.333548
0.079654
0.346136
0.224142
0.349896
0.081275
0.360942
0.228799
0.337343
0.079098
0.347081
0.225385
0.328306
0.076246
0.335797
0.213072
0.321888
0.076800
0.324957
0.205366
0.308334
0.084634
0.305956
0.198523
0.296388
0.085782
0.306976
0.201776
0.309892
0.088829
0.333100
0.217005
0.323437
0.075791
0.346740
0.222827
0.348473
0.082263
0.351306
0.228433
0.352518
0.076619
0.365400
0.215763
0.329663
0.077334
0.345879
0.218427
0.333931
0.077548
0.337880
0.225622
0.343830
0.078298
0.352538
0.219792
0.341564
0.076375
0.341113
0.226153
0.337715
0.080574
0.356729
0.237429
0.354126
0.077184
0.371261
0.229425
0.352099
0.079453
0.350623
0.228774
0.353301
0.075455
0.361154
0.216625
0.334858
0.076162
0.344384
0.221148
0.332981
0.077210
0.351410
0.218559
0.335010
0.077644
0.341797
0.217448
0.328840
0.076578
0.339567
0.220057
0.322842
0.076705
0.349274
0.221025
0.314973
0.075596
0.350307
0.225276
0.340343
0.078650
0.357530
0.227625
0.335637
0.078400
0.343041
0.225067
0.331978
0.077898
0.345314
0.228719
0.342644
0.079735
0.358664
0.227869
0.333204
0.078682
0.353523
0.226249
0.338371
0.079594
0.355657
0.224112
0.328132
0.078700
0.352431
0.230632
0.339827
0.081461
0.346512
0.222621
0.345004
0.079834
0.349420
0.224657
0.333757
0.078445
0.334248
0.216585
0.333350
0.078766
0.351278
0.240308
0.362065
0.076547
0.345235
0.211573
0.335167
0.080936
0.353345
0.224228
0.341959
0.078602
0.329183
0.222385
0.337639
0.079921
0.350140
0.215556
0.328101
