0.660118
0.380433
0.432816
0.228641
0.513023
0.400413
0.447214
0.141132
0.568871
0.412209
0.449568
0.201333
0.521748
0.402235
0.440607
0.215269
0.504379
0.394212
0.448641
0.217389
0.510242
0.398450
0.439942
0.214845
0.501286
0.394030
0.436238
0.209125
0.489655
0.388469
0.432352
0.216411
0.493485
0.387493
0.429387
0.217604
0.480304
0.372219
0.423872
0.224351
0.469110
0.377942
0.419371
0.223788
0.466029
0.380049
0.417713
0.223419
0.461296
0.370475
0.420886
0.224926
0.466859
0.373652
0.413579
0.230128
0.470238
0.382382
0.420299
0.231766
0.468546
0.387501
0.430544
0.234533
0.472256
0.377181
0.414303
0.230640
0.458330
0.378992
0.420544
0.235058
0.458728
0.383686
0.420727
0.233088
0.459706
0.376501
0.417784
0.239881
0.470598
0.378293
0.422364
0.234465
0.455921
0.375841
0.422258
0.235525
0.453231
0.375290
0.413186
0.234261
0.456706
0.370915
0.401669
0.227466
0.420289
0.369667
0.396057
0.229899
0.423969
0.365307
0.383074
0.223692
0.424785
0.356751
0.381876
0.224135
0.409518
0.347553
0.377279
0.227506
0.388620
0.355290
0.377680
0.232048
0.399066
0.336632
0.363134
0.229965
0.384972
0.348458
0.382512
0.244387
0.403734
0.349909
0.363688
0.236189
0.403255
0.363671
0.386464
0.239572
0.414478
0.372779
0.397640
0.244409
0.397474
0.357362
0.389029
0.258525
0.404215
0.351548
0.380682
0.252415
0.407004
0.363583
0.389738
0.257381
0.391383
0.343778
0.379167
0.256724
0.403159
0.356379
0.384977
0.259635
0.401527
0.356525
0.378069
0.261386
0.408714
0.364054
0.394594
0.269919
0.405921
0.356378
0.385550
0.264416
0.394464
0.353704
0.378522
0.269820
0.394972
0.360748
0.382792
0.263486
0.389975
0.349635
0.389043
0.268244
0.379679
0.343828
0.339501
0.239227
0.329578
0.303743
0.313285
0.234036
0.313300
0.299699
0.316335
0.245782
0.333301
0.302532
0.326924
0.242316
0.341272
0.332869
0.348693
0.259315
0.345958
0.323214
0.342998
0.251563
0.332748
0.305320
0.324114
0.236493
0.314614
0.298386
0.305649
0.234430
0.315319
0.291912
0.310420
0.239436
0.341433
0.306795
0.312854
0.223435
0.285965
0.280143
0.298757
0.239471
0.309729
0.288718
0.297860
0.214442
0.289909
0.275912
0.286400
0.218230
0.271718
0.257493
0.262287
0.211742
0.286904
0.272391
0.273451
0.202701
0.271620
0.251760
0.260801
0.199993
0.272410
0.264756
0.244043
0.167655
0.242528
0.239376
0.254842
0.198418
0.284286
0.268864
0.295175
0.221522
0.303932
0.291495
0.320921
0.223073
0.336506
0.300717
0.310674
0.223072
0.307260
0.268779
0.281177
0.215858
0.300257
0.267421
0.288313
0.219111
0.326209
0.290677
0.295432
0.212690
0.314424
0.297024
0.328844
0.235988
0.333645
0.306043
0.328480
0.227123
0.346357
0.309969
0.330437
0.222257
0.339026
0.310876
0.330729
0.227521
0.347561
0.314150
0.328117
0.226897
0.340471
0.318410
0.355015
0.231009
0.365193
0.314976
0.333628
0.216385
0.356169
0.315461
0.337558
0.225675
0.364054
0.324600
0.325837
0.219043
0.360180
0.339226
0.360702
0.224272
0.395454
0.339104
0.379449
0.222240
0.417298
0.348277
0.381595
0.222998
0.427351
0.357284
0.391580
0.231026
0.430386
0.364783
0.399773
0.224369
0.440505
0.363445
0.393908
0.217834
0.427529
0.357954
0.393786
0.236163
0.434444
0.359365
0.392879
0.222177
0.449503
0.375245
0.395182
0.223570
0.426783
0.360676
0.392406
0.230243
0.417798
0.351880
0.385824
0.239357
0.434871
0.364566
0.391847
0.230169
0.448788
0.374426
0.399622
0.233068
0.442846
0.372716
0.406856
0.232605
0.446434
0.379716
0.415698
0.238551
0.454761
0.372998
0.404210
0.235733
0.467647
0.378823
0.411387
0.231361
0.470411
0.383116
0.424974
0.233834
0.465928
0.385358
0.417091
0.229831
0.451374
0.386184
0.414074
0.228426
0.450089
0.379474
0.407466
0.229102
0.461220
0.387295
0.414270
0.232300
0.463879
0.388567
0.416209
0.230092
0.449151
0.369726
0.406591
0.223821
0.466073
0.374532
0.399399
0.224506
0.458233
0.385949
0.407365
0.225229
0.463253
0.378762
0.410825
0.226734
0.469333
0.386242
0.420438
0.228606
0.477187
0.389641
0.424786
0.231158
0.484221
0.395028
0.428198
0.228367
0.481959
0.391655
0.419588
0.227222
0.470196
0.390568
0.411159
0.230744
0.465421
0.382531
0.421118
0.237268
0.482933
0.394437
0.420369
0.226408
0.458500
0.381259
0.408507
0.222506
0.457332
0.366329
0.389200
0.227769
0.438590
0.356227
0.383214
0.227268
0.419449
0.346090
0.376728
0.230620
0.415409
0.351408
0.391278
0.235946
0.447451
0.374943
0.399970
0.222596
0.461562
0.384817
0.425475
0.238983
0.472943
0.379170
0.422227
0.227031
0.468701
0.380866
0.408736
0.226227
0.452246
0.376646
0.408114
0.230411
0.450644
0.387947
0.417854
0.230810
0.469730
0.381698
0.422088
0.223374
0.461570
0.387591
0.413934
0.234094
0.472875
0.395533
0.425187
0.229854
0.474848
0.403945
0.433378
0.230670
0.467382
0.382479
0.419213
0.227956
0.466175
0.385744
0.413467
0.226932
0.453400
0.384698
0.417170
0.227332
0.465213
0.377634
0.412047
0.229754
0.454936
0.372396
0.400957
0.229892
0.452366
0.379565
0.405603
0.225400
0.469104
0.384437
0.395155
0.221547
0.466745
0.385180
0.415994
0.231811
0.464172
0.388760
0.409219
0.232616
0.460314
0.387476
0.415347
0.226756
0.453516
0.392929
0.414222
0.236357
0.460898
0.389814
0.414168
0.232003
0.461032
0.383207
0.409470
0.237560
0.465032
0.377188
0.404090
0.233443
0.461749
0.390773
0.412282
0.241038
0.466772
0.382902
0.426627
0.232293
0.467313
0.390386
0.412094
0.229665
0.453492
0.377474
0.412594
0.229495
0.463948
0.397152
0.416115
0.233613
0.450893
0.375406
0.416986
0.235066
0.462582
0.385301
0.411154
0.233457
0.443089
0.380988
0.413681
0.235828
0.460864
0.373111
0.408028
