0.650456
0.503620
0.507661
0.368248
0.538903
0.483650
0.530888
0.276403
0.578835
0.504339
0.520138
0.356408
0.539368
0.492011
0.512162
0.375376
0.536554
0.483579
0.529836
0.373743
0.533148
0.495045
0.516945
0.366933
0.535265
0.489900
0.510294
0.361703
0.521369
0.485410
0.507445
0.368401
0.524005
0.489627
0.503363
0.366802
0.519232
0.479524
0.497294
0.361209
0.516050
0.472914
0.510624
0.351852
0.522031
0.473053
0.501179
0.353745
0.512518
0.463706
0.503736
0.357207
0.509452
0.473875
0.504010
0.356472
0.515295
0.475934
0.504732
0.364856
0.516213
0.486340
0.514795
0.368066
0.511414
0.474882
0.506103
0.358534
0.511556
0.480161
0.514840
0.361473
0.510845
0.485738
0.515208
0.362528
0.519831
0.485342
0.512684
0.367117
0.524425
0.484406
0.519925
0.359045
0.520723
0.477709
0.513153
0.361095
0.520287
0.482602
0.506995
0.356238
0.519405
0.477264
0.498764
0.345172
0.484599
0.473165
0.496778
0.347401
0.498006
0.469695
0.487425
0.333361
0.501668
0.459870
0.483941
0.331847
0.479316
0.446553
0.474480
0.335955
0.454604
0.452500
0.471122
0.343750
0.470364
0.434892
0.461005
0.335483
0.457265
0.444036
0.476937
0.354002
0.478914
0.450346
0.462261
0.340845
0.475972
0.463273
0.494440
0.339998
0.478398
0.469772
0.492308
0.349594
0.465360
0.453852
0.481352
0.362558
0.474096
0.449083
0.476025
0.351923
0.474369
0.451958
0.477712
0.363497
0.453203
0.436238
0.469539
0.360186
0.465782
0.448877
0.477795
0.358487
0.468360
0.446664
0.466452
0.359953
0.470651
0.452383
0.482183
0.368973
0.467246
0.447920
0.474133
0.357721
0.457396
0.442804
0.466579
0.361618
0.456363
0.443037
0.469394
0.354981
0.451952
0.434080
0.474004
0.357005
0.444413
0.428979
0.422390
0.320321
0.389770
0.379303
0.392825
0.311571
0.376648
0.375388
0.395192
0.321559
0.393789
0.379368
0.407301
0.316953
0.402823
0.412119
0.434556
0.335370
0.406813
0.395413
0.419212
0.325564
0.393095
0.378586
0.394953
0.310207
0.373524
0.368360
0.376451
0.308332
0.373142
0.358164
0.383088
0.314135
0.403952
0.379788
0.382509
0.294929
0.345005
0.348139
0.368146
0.315095
0.371517
0.368612
0.368764
0.282617
0.347604
0.342560
0.356027
0.290086
0.331777
0.328590
0.334074
0.280848
0.345796
0.341579
0.340988
0.274394
0.331504
0.318388
0.327643
0.273739
0.335265
0.336207
0.311850
0.231057
0.304720
0.308189
0.325096
0.266539
0.353165
0.345028
0.374099
0.298517
0.369066
0.375044
0.409577
0.297851
0.398563
0.375723
0.387369
0.304393
0.367584
0.337493
0.356306
0.298041
0.359756
0.336828
0.361001
0.303226
0.388748
0.370888
0.378126
0.290002
0.373960
0.374090
0.410075
0.325821
0.390669
0.380690
0.411651
0.318493
0.403633
0.386608
0.406008
0.316826
0.397652
0.388211
0.406651
0.323157
0.410679
0.394934
0.408880
0.323064
0.402081
0.405255
0.449965
0.330675
0.427964
0.396149
0.418806
0.323007
0.417883
0.389796
0.413546
0.340305
0.427646
0.410868
0.407339
0.329598
0.422522
0.432813
0.451203
0.339231
0.459648
0.440627
0.468614
0.338927
0.476976
0.439692
0.466693
0.350752
0.481494
0.453318
0.477543
0.361976
0.489694
0.457747
0.484600
0.370039
0.485200
0.462668
0.480700
0.364010
0.473276
0.447622
0.480124
0.375135
0.489505
0.454246
0.471635
0.369922
0.499115
0.472255
0.474808
0.370160
0.473395
0.447377
0.477100
0.367358
0.472319
0.437736
0.467162
0.378366
0.488488
0.452033
0.467572
0.383469
0.494881
0.463613
0.478455
0.386671
0.484641
0.464330
0.488574
0.385924
0.496234
0.468988
0.494612
0.394710
0.500084
0.467950
0.482172
0.392394
0.506380
0.477898
0.483704
0.391051
0.513614
0.468269
0.501768
0.393942
0.507792
0.475096
0.491165
0.389212
0.491887
0.475630
0.488579
0.385980
0.488466
0.471024
0.480415
0.387409
0.500341
0.472234
0.491264
0.392915
0.499941
0.477807
0.491624
0.389854
0.489994
0.454486
0.483852
0.379040
0.499327
0.460806
0.472701
0.384196
0.498913
0.472965
0.480977
0.383256
0.503502
0.464995
0.486661
0.386580
0.506568
0.473122
0.490229
0.391422
0.511126
0.480350
0.493397
0.397724
0.516304
0.483235
0.499385
0.390462
0.514584
0.476444
0.485241
0.394834
0.501463
0.473648
0.485976
0.393944
0.499416
0.468104
0.489658
0.406259
0.516461
0.489897
0.488965
0.384038
0.491401
0.459688
0.485560
0.380584
0.492104
0.452405
0.459025
0.387263
0.473368
0.443033
0.454467
0.370630
0.467282
0.432243
0.448654
0.370979
0.457851
0.437073
0.462993
0.381375
0.483356
0.458809
0.476878
0.380416
0.495898
0.465207
0.499039
0.406913
0.504845
0.469505
0.494806
0.390076
0.498337
0.470103
0.481183
0.389685
0.487227
0.465045
0.485332
0.391334
0.484726
0.477697
0.492334
0.393124
0.496159
0.472491
0.496417
0.382879
0.498260
0.471841
0.488028
0.400583
0.495855
0.485972
0.499514
0.395048
0.497537
0.494239
0.510589
0.396295
0.491175
0.470344
0.495922
0.391052
0.498843
0.473390
0.490779
0.385976
0.480425
0.473810
0.495886
0.386852
0.496370
0.468460
0.489586
0.390785
0.488531
0.452967
0.478980
0.391223
0.491026
0.473176
0.482462
0.380813
0.501857
0.478810
0.471768
0.375738
0.498376
0.470635
0.490353
0.394236
0.487513
0.477720
0.484708
0.397120
0.498029
0.477294
0.490343
0.383668
0.487869
0.478526
0.490010
0.400288
0.487765
0.478224
0.496599
0.393024
0.496918
0.468001
0.486029
0.402614
0.493244
0.465589
0.485168
0.397183
0.495617
0.474846
0.489398
0.412733
0.505166
0.473379
0.503786
0.392678
0.501853
0.481370
0.488608
0.392118
0.490623
0.468682
0.483153
0.388715
0.493970
0.479439
0.487214
0.402077
0.488488
0.467343
0.491404
0.394021
0.486494
0.469588
0.487172
0.402015
0.481767
0.471110
0.489395
0.396982
0.485218
0.461373
0.485116
