0.664478
0.595969
0.581796
0.485093
0.594762
0.578370
0.615420
0.400579
0.618793
0.605962
0.590749
0.467425
0.606979
0.586502
0.600132
0.477798
0.613237
0.575787
0.620630
0.470425
0.605902
0.580152
0.609269
0.467248
0.602309
0.593976
0.596286
0.463418
0.598331
0.583963
0.591090
0.469548
0.599885
0.586244
0.588569
0.466120
0.591080
0.571311
0.590527
0.467178
0.587119
0.574129
0.588602
0.457660
0.594157
0.576743
0.588147
0.453815
0.588198
0.568011
0.591674
0.457323
0.582523
0.579541
0.590634
0.458928
0.594832
0.572794
0.592065
0.469630
0.605686
0.589664
0.604033
0.467184
0.597818
0.576857
0.597060
0.462032
0.597289
0.583372
0.609750
0.464565
0.601992
0.592417
0.614994
0.467389
0.610294
0.595187
0.605993
0.477504
0.606345
0.591978
0.624116
0.475793
0.604760
0.581012
0.613927
0.473856
0.605987
0.603839
0.612705
0.464960
0.608902
0.596490
0.616622
0.455075
0.574795
0.587138
0.599075
0.462132
0.590600
0.592384
0.600941
0.447596
0.597703
0.581450
0.594618
0.443026
0.576382
0.562992
0.583912
0.452937
0.550738
0.565331
0.576680
0.459995
0.570529
0.551436
0.574896
0.443708
0.553775
0.553849
0.583635
0.470294
0.580695
0.569167
0.567216
0.452489
0.574960
0.586264
0.613270
0.446316
0.574658
0.574095
0.593043
0.462158
0.569202
0.570448
0.586372
0.473754
0.577950
0.568542
0.585093
0.458896
0.574950
0.559587
0.579576
0.471329
0.549499
0.544496
0.573869
0.470311
0.569052
0.553676
0.580763
0.464319
0.568080
0.557952
0.570575
0.465146
0.568513
0.565171
0.587578
0.474142
0.566557
0.559192
0.576321
0.460419
0.553969
0.551825
0.565934
0.463314
0.553385
0.554495
0.570803
0.452772
0.549438
0.535972
0.577112
0.450670
0.543207
0.537672
0.521953
0.411504
0.487003
0.480918
0.490716
0.401998
0.474875
0.476197
0.492335
0.413731
0.492805
0.481640
0.503516
0.405845
0.500237
0.512882
0.526201
0.430257
0.503784
0.493354
0.514194
0.416440
0.489384
0.477509
0.492098
0.397098
0.466014
0.464356
0.475637
0.396040
0.468757
0.449583
0.478044
0.404062
0.502505
0.478552
0.480145
0.380015
0.435953
0.441798
0.465368
0.404062
0.469430
0.465636
0.466617
0.367943
0.444219
0.440316
0.454697
0.374550
0.425560
0.424625
0.431004
0.367597
0.442984
0.439360
0.439359
0.361248
0.430190
0.415304
0.428644
0.361695
0.435573
0.437866
0.412396
0.312541
0.403060
0.405694
0.427130
0.353895
0.452592
0.451026
0.480424
0.394501
0.471038
0.489100
0.523959
0.386156
0.496035
0.485960
0.498189
0.398774
0.464296
0.443664
0.466802
0.393504
0.466250
0.441160
0.468763
0.398440
0.494481
0.485131
0.488918
0.383208
0.475382
0.484142
0.526818
0.425875
0.496734
0.495245
0.528297
0.418411
0.508936
0.496378
0.519610
0.422801
0.507650
0.492764
0.521830
0.427788
0.522827
0.510875
0.520159
0.430880
0.516742
0.522132
0.565880
0.443068
0.539421
0.518703
0.540760
0.439104
0.526415
0.502868
0.532172
0.462326
0.546410
0.533030
0.527646
0.447043
0.543885
0.560819
0.574985
0.460768
0.567890
0.563147
0.589883
0.467149
0.585580
0.568268
0.592203
0.481262
0.590706
0.581344
0.601755
0.495186
0.606875
0.588108
0.609030
0.497603
0.597704
0.593369
0.605497
0.494384
0.577084
0.576052
0.599965
0.513439
0.597531
0.581187
0.597179
0.499997
0.609482
0.599847
0.596115
0.500761
0.582317
0.579352
0.604335
0.499384
0.579782
0.563220
0.593798
0.515767
0.598587
0.580453
0.589787
0.521594
0.607110
0.593942
0.603374
0.520936
0.595585
0.592560
0.613317
0.523558
0.603558
0.593580
0.612617
0.537049
0.613649
0.587745
0.602434
0.531912
0.613552
0.605361
0.611236
0.531789
0.619600
0.596039
0.619599
0.539566
0.618246
0.599002
0.616375
0.526457
0.605216
0.608709
0.611762
0.523621
0.601264
0.595356
0.603701
0.529749
0.616399
0.599131
0.613580
0.531789
0.614632
0.608189
0.611194
0.528096
0.593918
0.589270
0.610625
0.517938
0.610050
0.587761
0.599752
0.527714
0.606086
0.598539
0.607448
0.524345
0.613645
0.594277
0.606738
0.527018
0.614261
0.601375
0.612406
0.529158
0.625249
0.607886
0.619823
0.533822
0.628363
0.607620
0.621078
0.533306
0.624810
0.604616
0.613391
0.535130
0.611229
0.603289
0.607313
0.536934
0.611671
0.595883
0.615348
0.549814
0.627106
0.609490
0.610645
0.528722
0.611594
0.592246
0.608726
0.520583
0.602718
0.584515
0.586229
0.524530
0.592971
0.567263
0.580373
0.509146
0.586185
0.555366
0.569615
0.512975
0.575632
0.561782
0.589853
0.522037
0.601302
0.589035
0.603268
0.519819
0.615218
0.596135
0.625477
0.546452
0.620469
0.596660
0.623396
0.528460
0.616021
0.598860
0.606728
0.529390
0.611890
0.594176
0.612276
0.530775
0.606266
0.608652
0.617195
0.530790
0.615937
0.601326
0.623538
0.520494
0.613775
0.605539
0.615274
0.538516
0.616169
0.614704
0.620222
0.535859
0.615588
0.621541
0.632572
0.535826
0.611716
0.598708
0.618145
0.531484
0.614632
0.609029
0.619364
0.517839
0.599683
0.599071
0.617497
0.526381
0.613200
0.594630
0.609955
0.531603
0.607171
0.582859
0.604849
0.529211
0.607707
0.598251
0.603297
0.519762
0.613449
0.602371
0.590621
0.516831
0.613511
0.597620
0.615140
0.534242
0.609396
0.605142
0.612629
0.535784
0.611321
0.601662
0.614494
0.523842
0.609722
0.609153
0.614605
0.537772
0.611547
0.607309
0.618537
0.534513
0.616146
0.598797
0.613484
0.541067
0.616984
0.598370
0.610491
0.535663
0.615437
0.608005
0.618149
0.551844
0.618287
0.599229
0.622084
0.537883
0.616238
0.607567
0.616561
0.530437
0.605377
0.591965
0.609575
0.528456
0.613963
0.607731
0.617183
0.540210
0.600031
0.592528
0.616381
0.535498
0.606736
0.597886
0.615207
0.539811
0.600575
0.599840
0.612351
0.537454
0.607990
0.589827
0.609361
