0.264976
0.208488
0.251396
0.156091
0.283489
0.248938
0.301297
0.133955
0.318683
0.227878
0.257236
0.151380
0.294442
0.217583
0.251759
0.138749
0.242142
0.202624
0.219052
0.131430
0.228059
0.196923
0.216453
0.128519
0.243525
0.213727
0.240620
0.135592
0.235993
0.205901
0.238377
0.141201
0.262136
0.208713
0.251543
0.138614
0.234283
0.199130
0.234079
0.141174
0.247971
0.208091
0.240774
0.146639
0.237974
0.197011
0.235541
0.132969
0.226222
0.196960
0.229786
0.131819
0.235675
0.207112
0.232887
0.144416
0.266048
0.237897
0.277630
0.165526
0.308665
0.268043
0.309389
0.147750
0.283761
0.229170
0.287515
0.134759
0.231747
0.188604
0.220591
0.126257
0.232543
0.195248
0.214938
0.129800
0.238089
0.211905
0.237871
0.145151
0.245161
0.197669
0.231283
0.132764
0.224666
0.202520
0.228798
0.140404
0.237416
0.207741
0.240476
0.143453
0.229750
0.186920
0.212253
0.135344
0.228958
0.190203
0.181308
0.116549
0.217194
0.193064
0.218645
0.129369
0.228038
0.206651
0.232684
0.139927
0.245026
0.215229
0.247674
0.149689
0.268960
0.230711
0.270227
0.166999
0.316311
0.246600
0.262814
0.142952
0.314926
0.219569
0.257340
0.143175
0.254203
0.216085
0.229896
0.137531
0.217169
0.194223
0.212095
0.130498
0.209201
0.181641
0.222738
0.140354
0.221063
0.192122
0.206016
0.136109
0.233064
0.211116
0.250481
0.147055
0.254789
0.209310
0.225469
0.138491
0.244842
0.205171
0.220779
0.144396
0.242633
0.215696
0.209934
0.128134
0.215945
0.193459
0.217834
0.141275
0.240493
0.199308
0.229887
0.147521
0.237392
0.211751
0.249191
0.166520
0.281113
0.245535
0.282381
0.183078
0.287349
0.223580
0.276956
0.158107
0.248813
0.208703
0.237924
0.148099
0.232769
0.197129
0.227092
0.138483
0.231317
0.216024
0.235567
0.151083
0.249031
0.219547
0.223330
0.132623
0.223273
0.203151
0.217336
0.139467
0.210915
0.207039
0.226940
0.154940
0.250825
0.207510
0.219998
0.136356
0.217499
0.188159
0.211814
0.130353
0.170960
0.172556
0.207296
0.133804
0.209875
0.176573
0.210629
0.133569
0.226990
0.217682
0.219161
0.146462
0.241008
0.214265
0.248035
0.150295
0.257750
0.239530
0.302973
0.169516
0.309773
0.227319
0.246249
0.137723
0.287136
0.200922
0.230371
0.131932
0.219475
0.199515
0.200392
0.124362
0.203001
0.179879
0.203227
0.123048
0.213842
0.189855
0.212578
0.134609
0.217799
0.200410
0.216518
0.135096
0.232526
0.188422
0.224262
0.136070
0.219134
0.181752
0.214719
0.137856
0.230273
0.200211
0.235794
0.146922
0.229336
0.186843
0.224496
0.133626
0.212093
0.194463
0.217291
0.130450
0.224187
0.197572
0.227374
0.138957
0.252636
0.232379
0.262204
0.159370
0.295332
0.250548
0.271887
0.153467
0.263043
0.224814
0.268552
0.153799
0.238955
0.198911
0.226401
0.125647
0.233085
0.201937
0.225933
0.140933
0.242053
0.221048
0.257714
0.153335
0.255442
0.194245
0.237109
0.134983
0.230645
0.193909
0.219755
0.138141
0.240815
0.204865
0.241858
0.145012
0.249402
0.209248
0.230241
0.140389
0.246733
0.204539
0.183108
0.117322
0.226698
0.199041
0.224607
0.125750
0.218514
0.201866
0.226218
0.138123
0.236365
0.208854
0.223884
0.142343
0.262499
0.222989
0.272679
0.161637
0.314104
0.238000
0.258761
0.135710
0.286976
0.225584
0.235623
0.136521
0.243814
0.208190
0.224575
0.132765
0.210819
0.181681
0.207400
0.125598
0.221460
0.189727
0.226743
0.137202
0.231886
0.204321
0.221995
0.130630
0.235624
0.209227
0.242725
0.140316
0.244165
0.209284
0.225853
0.134003
0.248952
0.205055
0.228598
0.137485
0.254388
0.227842
0.230079
0.130222
0.238603
0.210812
0.215848
0.131736
0.245390
0.197545
0.225234
0.129717
0.225917
0.194194
0.236596
0.150535
0.276029
0.239973
0.292267
0.183262
0.332265
0.251161
0.276800
0.161379
0.265402
0.209393
0.237482
0.137317
0.236565
0.191774
0.235778
0.136268
0.228513
0.202673
0.220950
0.137970
0.244160
0.210517
0.235673
0.137702
0.234033
0.197428
0.215193
0.131281
0.227440
0.192173
0.221081
0.141730
0.248937
0.208260
0.241182
0.140624
0.227930
0.203323
0.227629
0.138259
0.185825
0.174437
0.207701
0.128633
0.219464
0.178790
0.205575
0.136410
0.228268
0.196535
0.220214
0.139526
0.237669
0.211169
0.248661
0.149632
0.266826
0.230177
0.294682
0.165692
0.278160
0.251097
0.244502
0.141517
0.253372
0.202672
0.223058
0.136388
0.231642
0.208530
0.212271
0.127789
0.215602
0.186879
0.213569
0.130856
0.219134
0.196551
0.212682
0.140550
0.224253
0.188622
0.219043
0.140255
0.235424
0.195430
0.221352
0.136008
0.221475
0.178956
0.224048
0.138198
0.223255
0.182877
0.221317
0.144598
0.238202
0.196339
0.223218
0.141662
0.222972
0.200451
0.224866
0.138945
0.225358
0.199369
0.231594
0.142981
0.254333
0.237610
0.277257
