0.375191
0.355877
0.416951
0.297337
0.430609
0.448357
0.485941
0.281761
0.426098
0.388881
0.427068
0.298322
0.426661
0.385040
0.431563
0.282204
0.387027
0.373213
0.396652
0.267720
0.381320
0.369902
0.398086
0.262034
0.401636
0.394689
0.431267
0.279789
0.392606
0.387181
0.428132
0.286776
0.420434
0.392892
0.443766
0.284053
0.381611
0.367367
0.419424
0.289764
0.402760
0.384828
0.429279
0.297807
0.393431
0.372567
0.425678
0.275015
0.379123
0.372169
0.420731
0.272037
0.391852
0.389597
0.426223
0.294253
0.437158
0.438060
0.490642
0.327585
0.480695
0.476717
0.503633
0.322366
0.440617
0.415770
0.473574
0.288480
0.383631
0.358221
0.406594
0.266757
0.390419
0.370858
0.395624
0.270483
0.398977
0.393566
0.424126
0.299706
0.408671
0.377423
0.422175
0.280699
0.382227
0.381040
0.411175
0.290338
0.393644
0.387732
0.428090
0.295134
0.385794
0.351356
0.386433
0.283098
0.387286
0.361795
0.345909
0.251164
0.378242
0.368884
0.408062
0.268843
0.388844
0.387331
0.421291
0.287969
0.410877
0.403677
0.449778
0.301034
0.441775
0.424808
0.482264
0.334291
0.476565
0.437802
0.462426
0.310971
0.472039
0.401197
0.450591
0.299175
0.414917
0.394470
0.412593
0.284847
0.365797
0.364145
0.386737
0.265057
0.357346
0.344806
0.402960
0.281563
0.371950
0.351633
0.373216
0.273020
0.390186
0.388995
0.437255
0.290629
0.415549
0.374291
0.398389
0.282176
0.399675
0.373309
0.394159
0.289246
0.399290
0.385091
0.376346
0.258850
0.362431
0.353518
0.392596
0.276971
0.398322
0.364784
0.408822
0.288435
0.391803
0.382094
0.437629
0.316345
0.444499
0.438022
0.496670
0.343833
0.436419
0.392829
0.455566
0.317717
0.398390
0.372851
0.414864
0.290901
0.382105
0.358905
0.399769
0.275912
0.384745
0.387603
0.412478
0.294227
0.405817
0.393325
0.394592
0.270495
0.372758
0.369767
0.385805
0.279141
0.350939
0.374646
0.398155
0.302208
0.405500
0.369470
0.386103
0.278292
0.359243
0.345194
0.382702
0.266778
0.301962
0.328792
0.380322
0.272158
0.362441
0.335634
0.391458
0.274178
0.386691
0.404981
0.399257
0.297325
0.404063
0.396025
0.447870
0.308924
0.423998
0.435519
0.506511
0.343609
0.466487
0.409762
0.435203
0.294899
0.446117
0.372453
0.418750
0.281353
0.370338
0.380797
0.372950
0.266636
0.356214
0.346041
0.378577
0.261642
0.368818
0.362970
0.387744
0.283859
0.379410
0.377137
0.396679
0.283774
0.387188
0.362906
0.410569
0.291888
0.372844
0.349562
0.395246
0.294778
0.388595
0.378767
0.423270
0.309134
0.382834
0.359802
0.403998
0.287710
0.362976
0.369493
0.395989
0.278502
0.380816
0.377910
0.420482
0.291536
0.415683
0.430850
0.468893
0.328444
0.462448
0.449792
0.459908
0.325911
0.416929
0.409622
0.447914
0.325140
0.393795
0.370664
0.408776
0.273340
0.388321
0.384662
0.405678
0.292922
0.404142
0.409089
0.454907
0.317217
0.415448
0.371218
0.427792
0.292518
0.386967
0.368684
0.398928
0.294333
0.395997
0.383394
0.431064
0.306579
0.407909
0.390518
0.416206
0.300849
0.410657
0.391433
0.351830
0.259525
0.388811
0.386086
0.421436
0.270217
0.378528
0.390013
0.424797
0.292905
0.406877
0.404549
0.422682
0.299574
0.435744
0.424395
0.493963
0.329928
0.480594
0.440516
0.465750
0.307904
0.450721
0.420518
0.433818
0.296009
0.407960
0.398818
0.421146
0.283209
0.368691
0.359306
0.394799
0.270940
0.385657
0.372111
0.419202
0.289579
0.392952
0.386563
0.410186
0.276495
0.398857
0.402369
0.436437
0.295278
0.404545
0.390469
0.411020
0.288035
0.416833
0.391031
0.418741
0.296508
0.416802
0.416850
0.413875
0.280797
0.399837
0.392611
0.399073
0.279459
0.409945
0.376238
0.411566
0.274701
0.386301
0.372553
0.438637
0.307187
0.454134
0.446938
0.519016
0.352253
0.493454
0.448839
0.477901
0.348861
0.426281
0.387505
0.432874
0.285946
0.398314
0.363942
0.427101
0.283524
0.388165
0.387038
0.409524
0.282818
0.410982
0.394028
0.422696
0.284559
0.396200
0.374923
0.395913
0.278049
0.383674
0.362602
0.401213
0.289177
0.414194
0.382030
0.425596
0.290547
0.381229
0.378159
0.409011
0.289003
0.327964
0.336448
0.383031
0.269044
0.382486
0.346245
0.383351
0.280875
0.386552
0.371774
0.402697
0.288607
0.402454
0.395347
0.448646
0.305299
0.439299
0.428637
0.505412
0.335681
0.438589
0.443582
0.435039
0.298272
0.414056
0.376178
0.408706
0.284440
0.391227
0.390598
0.391162
0.269203
0.372291
0.354958
0.394337
0.272269
0.377053
0.364067
0.386453
0.287004
0.376372
0.352266
0.391512
0.287559
0.388460
0.364570
0.396322
0.283060
0.370264
0.334189
0.399461
0.286275
0.374923
0.343171
0.394628
0.292291
0.391036
0.364492
0.400819
0.289392
0.376070
0.370595
0.403029
0.281590
0.376395
0.367323
0.416090
0.289024
0.416003
0.430419
0.481070
