0.332734
0.275619
0.316065
0.242769
0.339868
0.339447
0.376220
0.229411
0.353357
0.299606
0.319051
0.244710
0.340564
0.293805
0.322557
0.223744
0.295948
0.277137
0.288351
0.208610
0.286925
0.273466
0.286893
0.203495
0.303873
0.295209
0.316778
0.216676
0.297193
0.283875
0.313692
0.223513
0.324841
0.286229
0.329452
0.222291
0.292122
0.271774
0.306792
0.225439
0.308396
0.284488
0.315521
0.233755
0.298990
0.271763
0.310621
0.213429
0.284860
0.270873
0.304506
0.211062
0.295266
0.284313
0.306574
0.230864
0.332037
0.326877
0.360730
0.262863
0.376395
0.367030
0.388843
0.249474
0.341750
0.311965
0.360380
0.221658
0.289740
0.261467
0.291511
0.203933
0.292270
0.272392
0.284400
0.208683
0.298809
0.290832
0.310095
0.231605
0.308106
0.273315
0.306821
0.214586
0.284771
0.281276
0.298356
0.224369
0.296804
0.286239
0.315265
0.228929
0.289025
0.255891
0.279879
0.216728
0.288433
0.263032
0.243533
0.188757
0.277020
0.268544
0.291879
0.206659
0.289195
0.285449
0.306940
0.222974
0.309287
0.295034
0.326135
0.236907
0.335679
0.314222
0.354200
0.265702
0.375601
0.330317
0.345370
0.245351
0.372733
0.297488
0.333289
0.231701
0.315456
0.291811
0.299570
0.219686
0.273824
0.266822
0.279246
0.205255
0.264298
0.250997
0.292074
0.218799
0.276871
0.260241
0.270191
0.212592
0.293057
0.288389
0.321737
0.229157
0.315810
0.280213
0.290740
0.219311
0.303013
0.276400
0.285754
0.227009
0.300711
0.287763
0.271290
0.201851
0.269060
0.260102
0.282264
0.219875
0.299168
0.270657
0.296544
0.230013
0.294501
0.281579
0.320369
0.257213
0.342335
0.324405
0.367648
0.282354
0.341491
0.296110
0.346418
0.251778
0.302394
0.276988
0.304023
0.231934
0.286192
0.263218
0.290279
0.216860
0.287835
0.288513
0.302629
0.234153
0.306470
0.292477
0.288841
0.210029
0.278907
0.271818
0.280781
0.218807
0.262710
0.278366
0.291259
0.239956
0.307135
0.279058
0.283108
0.214973
0.269542
0.252036
0.274211
0.206199
0.218056
0.236572
0.271139
0.209427
0.265463
0.242645
0.278102
0.211682
0.284288
0.296836
0.285778
0.232682
0.302124
0.290601
0.324386
0.239766
0.321476
0.323425
0.383749
0.271631
0.368330
0.307764
0.320933
0.224853
0.345546
0.273010
0.302422
0.214975
0.275202
0.275146
0.265213
0.200740
0.259965
0.249760
0.269973
0.197418
0.270860
0.264541
0.280838
0.214521
0.280400
0.278971
0.285673
0.216054
0.291790
0.265194
0.295899
0.220337
0.275842
0.251713
0.282912
0.223040
0.287948
0.275996
0.307808
0.236668
0.286635
0.261247
0.294150
0.216586
0.269538
0.270982
0.286112
0.210244
0.282440
0.275793
0.302316
0.223569
0.313921
0.317334
0.343727
0.255580
0.360925
0.342407
0.348445
0.252116
0.320844
0.306578
0.339452
0.250329
0.297264
0.273668
0.296981
0.206107
0.291948
0.282842
0.296094
0.224897
0.303870
0.302485
0.337997
0.245352
0.317130
0.269806
0.312061
0.221060
0.290311
0.268136
0.290207
0.223498
0.299807
0.284602
0.316319
0.234486
0.310959
0.287628
0.302582
0.228650
0.309139
0.283205
0.249150
0.192923
0.288448
0.279755
0.301128
0.204674
0.279309
0.281052
0.303852
0.223615
0.303839
0.291631
0.303179
0.229447
0.330348
0.309629
0.362057
0.258398
0.379160
0.326070
0.346239
0.232869
0.348551
0.308741
0.312671
0.225054
0.308186
0.289464
0.301710
0.215093
0.271346
0.255242
0.279660
0.204418
0.284434
0.267431
0.302433
0.221020
0.292546
0.281398
0.295717
0.210393
0.298771
0.296130
0.319699
0.226221
0.305215
0.287399
0.298073
0.217599
0.312387
0.283379
0.302741
0.224105
0.316118
0.307661
0.301957
0.212128
0.298716
0.286572
0.286761
0.212792
0.306950
0.273640
0.297103
0.210136
0.285844
0.271116
0.313733
0.239440
0.343471
0.329781
0.384179
0.288515
0.393574
0.340873
0.359885
0.270070
0.321491
0.285696
0.315202
0.219981
0.296382
0.262666
0.310144
0.217948
0.288577
0.279853
0.293365
0.218296
0.307172
0.288731
0.308029
0.219314
0.294504
0.270724
0.285468
0.211246
0.285170
0.265647
0.289395
0.224819
0.309465
0.285403
0.311467
0.224016
0.283662
0.274552
0.296830
0.221195
0.236902
0.241194
0.273538
0.203639
0.280096
0.248557
0.271622
0.216245
0.286105
0.271438
0.290243
0.222251
0.298916
0.291079
0.324207
0.238735
0.332301
0.314974
0.378739
0.263717
0.337073
0.336470
0.318578
0.229671
0.311118
0.274061
0.291436
0.218267
0.290284
0.286828
0.279310
0.204948
0.272871
0.257604
0.280579
0.208437
0.275860
0.267265
0.276280
0.222259
0.280443
0.256701
0.283919
0.221698
0.292017
0.267931
0.287160
0.217691
0.275640
0.244051
0.287705
0.220447
0.278701
0.249145
0.284769
0.227070
0.292568
0.265841
0.289935
0.223184
0.278195
0.271620
0.290779
0.219351
0.279592
0.270255
0.299260
0.225903
0.312703
0.317347
0.355846
