0.477238
0.474035
0.546706
0.375978
0.556441
0.576779
0.605083
0.337625
0.537986
0.507090
0.551497
0.376598
0.542597
0.512975
0.561828
0.360920
0.506340
0.499047
0.530366
0.351128
0.508659
0.496867
0.532230
0.344909
0.529708
0.521240
0.565049
0.364622
0.520710
0.513306
0.559421
0.377393
0.550465
0.517591
0.577421
0.373793
0.509351
0.494434
0.551875
0.383800
0.531968
0.513325
0.566161
0.388428
0.523009
0.504863
0.557889
0.363812
0.510091
0.502598
0.558099
0.359240
0.525128
0.524469
0.563560
0.381817
0.572210
0.578605
0.631829
0.405163
0.608856
0.604448
0.627468
0.419116
0.573174
0.555185
0.602025
0.374178
0.509681
0.488922
0.546148
0.351370
0.522675
0.501517
0.529802
0.353932
0.531542
0.520964
0.560426
0.386629
0.537716
0.504394
0.553060
0.371297
0.510707
0.511856
0.541889
0.378364
0.521366
0.513310
0.561232
0.385923
0.512888
0.475214
0.516485
0.372520
0.519693
0.492095
0.472165
0.337960
0.505300
0.499424
0.549920
0.350671
0.518343
0.517622
0.567104
0.369583
0.542537
0.538530
0.593432
0.384514
0.572921
0.567140
0.621601
0.411741
0.598598
0.571834
0.600363
0.398328
0.597534
0.536081
0.585914
0.379926
0.539819
0.525151
0.545162
0.372012
0.490167
0.492270
0.518643
0.345775
0.486830
0.466131
0.534570
0.364729
0.493030
0.476894
0.504924
0.350943
0.514222
0.512490
0.571995
0.372012
0.539895
0.503113
0.526269
0.367660
0.526743
0.498398
0.519044
0.373457
0.522520
0.514061
0.504084
0.337907
0.486669
0.478114
0.529486
0.353525
0.527497
0.492526
0.546590
0.364177
0.518952
0.509383
0.579370
0.394509
0.578759
0.576471
0.642267
0.410136
0.552598
0.512461
0.585877
0.406505
0.526047
0.498435
0.547413
0.366956
0.502629
0.483928
0.530980
0.353864
0.509629
0.516144
0.548152
0.370660
0.529098
0.520975
0.519892
0.353988
0.496878
0.496242
0.518355
0.358502
0.470452
0.500169
0.529745
0.383737
0.531312
0.491224
0.516701
0.360422
0.480621
0.467448
0.521078
0.347948
0.418507
0.452133
0.519901
0.352838
0.491075
0.461356
0.531271
0.353879
0.516702
0.539106
0.533593
0.381248
0.533751
0.530608
0.591652
0.393273
0.546875
0.575757
0.642218
0.427710
0.592570
0.536426
0.569045
0.376874
0.569213
0.500798
0.552537
0.368776
0.499679
0.509615
0.503841
0.353045
0.485388
0.471284
0.520094
0.345266
0.501366
0.488747
0.524358
0.373226
0.510695
0.503373
0.530469
0.375754
0.515556
0.490049
0.545053
0.385074
0.500802
0.476128
0.526552
0.389599
0.515614
0.507373
0.557228
0.404136
0.511652
0.490615
0.539167
0.381145
0.493173
0.498767
0.529392
0.370942
0.512143
0.507006
0.562389
0.383859
0.550793
0.568656
0.612642
0.411876
0.591936
0.581423
0.583793
0.426819
0.545868
0.541657
0.575460
0.422920
0.523607
0.501667
0.540429
0.362762
0.518322
0.514689
0.532175
0.384959
0.541323
0.539241
0.588332
0.412851
0.544644
0.499888
0.557721
0.387009
0.516314
0.495841
0.529505
0.387143
0.519998
0.510979
0.560126
0.402812
0.537996
0.520113
0.543290
0.395170
0.545945
0.520075
0.485032
0.349240
0.526042
0.513667
0.558359
0.359693
0.507441
0.521100
0.564777
0.384983
0.536017
0.538512
0.564566
0.388678
0.571588
0.564266
0.633505
0.415305
0.609776
0.565339
0.602593
0.403996
0.579641
0.554374
0.567919
0.383888
0.540663
0.531573
0.556377
0.373518
0.494309
0.486328
0.527145
0.360692
0.518421
0.503367
0.564273
0.372997
0.517548
0.513926
0.541778
0.367327
0.530251
0.530442
0.574370
0.386143
0.533373
0.525419
0.544435
0.378929
0.549162
0.521025
0.555078
0.387532
0.544207
0.545901
0.546847
0.371271
0.530516
0.524663
0.535257
0.369144
0.544104
0.504980
0.548789
0.359507
0.515878
0.509612
0.579142
0.392158
0.586945
0.593974
0.661838
0.432213
0.618729
0.575190
0.611647
0.437093
0.551603
0.523206
0.569785
0.368846
0.524665
0.488428
0.559938
0.367650
0.514558
0.512422
0.544480
0.367321
0.540189
0.522801
0.554328
0.369095
0.526452
0.502150
0.529091
0.366205
0.516553
0.488435
0.537522
0.373127
0.546002
0.510234
0.560043
0.374284
0.509084
0.506306
0.548995
0.373141
0.449391
0.460763
0.520969
0.350942
0.514272
0.472403
0.523113
0.360821
0.517068
0.498894
0.545795
0.369582
0.532213
0.525362
0.591306
0.390181
0.570997
0.566487
0.641771
0.414338
0.556246
0.573855
0.570331
0.386899
0.545265
0.506835
0.539427
0.367237
0.520700
0.523103
0.524393
0.349946
0.500030
0.481195
0.531045
0.354207
0.504792
0.489683
0.522170
0.367288
0.501582
0.472560
0.525006
0.371406
0.515252
0.488539
0.524959
0.369263
0.494969
0.459025
0.537737
0.367082
0.497149
0.467112
0.527717
0.375582
0.520551
0.491113
0.539107
0.370214
0.501018
0.498389
0.539659
0.361766
0.503885
0.498980
0.559718
0.367289
0.547865
0.567963
0.626090
