0.032995
0.033171
0.043071
0.023626
0.039214
0.032272
0.037824
0.030839
0.036226
0.028972
0.035013
0.017024
0.031666
0.035589
0.037204
0.018534
0.036642
0.029961
0.034112
0.018045
0.036341
0.037061
0.035890
0.019201
0.036699
0.032820
0.039880
0.026244
0.036579
0.023165
0.038457
0.020501
0.035158
0.038995
0.036470
0.020619
0.028951
0.027417
0.031348
0.017066
0.033824
0.032339
0.033364
0.019614
0.041257
0.036312
0.037666
0.022764
0.037890
0.031410
0.037799
0.019086
0.024704
0.031365
0.034648
0.026999
0.045861
0.037331
0.043467
0.024345
0.042391
0.038215
0.035732
0.018109
0.033698
0.028516
0.034166
0.019142
0.035323
0.033133
0.038107
0.021687
0.037686
0.029445
0.042995
0.011494
0.037807
0.022615
0.035109
0.016900
0.043774
0.039181
0.046614
0.022659
0.045190
0.027643
0.040487
0.023261
0.037136
0.029499
0.049550
0.020208
0.037850
0.043520
0.044177
0.024911
0.044841
0.034717
0.026922
0.018206
0.027239
0.024761
0.030798
0.015290
0.029537
0.034114
0.035099
0.020696
0.031664
0.033653
0.038633
0.024692
0.030856
0.036652
0.050441
0.024052
0.040173
0.033667
0.035538
0.028568
0.038319
0.021405
0.033965
0.022072
0.031006
0.038001
0.051152
0.024008
0.035194
0.039370
0.040772
0.025560
0.040439
0.043128
0.057593
0.027666
0.040861
0.049082
0.049338
0.023103
0.055256
0.054555
0.078568
0.037576
0.024241
0.044027
0.057558
0.027406
0.053535
0.037917
0.040815
0.032309
0.037726
0.041087
0.075255
0.027285
0.047709
0.046812
0.045737
0.021909
0.039025
0.041593
0.052960
0.025104
0.043460
0.038568
0.043379
0.016394
0.042443
0.040689
0.043274
0.022876
0.045185
0.037473
0.039226
0.028366
0.042611
0.042507
0.050018
0.029970
0.056337
0.044910
0.053934
0.032519
0.052230
0.039469
0.052502
0.031873
0.052812
0.045741
0.042854
0.033083
0.052830
0.045037
0.046848
0.035556
0.049709
0.047889
0.066773
0.030930
0.050394
0.046706
0.049566
0.029999
0.043120
0.046346
0.055202
0.029543
0.053819
0.059498
0.061277
0.034647
0.064645
0.038945
0.064989
0.035967
0.052995
0.056835
0.055618
0.033286
0.053112
0.044950
0.064412
0.030979
0.046221
0.046297
0.047139
0.026365
0.047620
0.039543
0.049187
0.024916
0.041002
0.039856
0.044244
0.024145
0.028120
0.040481
0.040031
0.025257
0.040135
0.034076
0.038683
0.025643
0.036473
0.039256
0.037917
0.020485
0.045466
0.029371
0.038324
0.023637
0.037538
0.035589
0.042129
0.023091
0.045243
0.035234
0.044670
0.015241
0.037120
0.032334
0.041025
0.018660
0.032771
0.033349
0.034795
0.016425
0.033997
0.029133
0.034642
0.017449
0.027142
0.031714
0.029699
0.017968
0.037356
0.030272
0.042608
0.027525
0.047523
0.042312
0.036381
0.029776
0.046576
0.047604
0.048839
0.031440
0.045058
0.041383
0.051222
0.023966
0.037301
0.039121
0.031193
0.020165
0.037178
0.030890
0.037899
0.028320
0.040762
0.041205
0.039196
0.023422
0.044155
0.025868
0.042452
0.027462
0.049757
0.039960
0.050225
0.034678
0.046852
0.047397
0.048127
0.028563
0.052006
0.040180
0.041625
0.025666
0.036138
0.033475
0.035449
0.016261
0.039273
0.033016
0.036294
0.025879
0.029332
0.038682
0.050543
0.023444
0.040908
0.041912
0.042872
0.023533
0.046288
0.038636
0.043759
0.030512
0.035838
0.045434
0.046877
0.028067
0.053036
0.044874
0.055173
0.032910
0.043853
0.043581
0.060818
0.023533
0.063781
0.073093
0.070638
0.039860
0.072384
0.058781
0.056108
0.030570
0.052625
0.047842
0.060442
0.025778
0.052539
0.041776
0.044944
0.026523
0.048587
0.048679
0.050272
0.026008
0.037607
0.028870
0.024092
0.035252
0.060282
0.073007
0.070204
0.045400
0.079219
0.062143
0.084386
0.048579
0.070094
0.074349
0.078894
0.044290
0.070255
0.054309
0.070202
0.051453
0.088959
0.076843
0.112522
0.057739
0.078895
0.034186
0.078675
0.052573
0.077506
0.055933
0.063277
0.039397
0.053221
0.037372
0.087412
0.051616
0.105283
0.081886
0.082525
0.054024
0.074255
0.062413
0.092718
0.052858
0.088737
0.087672
0.089484
0.061735
0.060144
0.084316
0.094207
0.051635
0.077391
0.090095
0.096963
0.050010
0.100355
0.091061
0.122154
0.056049
0.103400
0.110840
0.112013
0.053828
0.107793
0.087352
0.094032
0.068117
0.098330
0.075404
0.089255
0.036695
0.073654
0.066828
0.070771
0.035065
0.087202
0.064383
0.075854
0.057695
0.098238
0.106869
0.117805
0.076656
0.140669
0.120582
0.139087
0.076916
0.127237
0.116071
0.147070
0.083085
0.148630
0.112760
0.087205
0.073458
0.122523
0.121936
0.166586
0.079369
0.140988
0.127937
0.123869
0.066384
0.116841
0.068282
0.097701
0.056033
0.077236
0.074013
0.084209
0.055095
0.109022
0.087751
0.106135
0.067277
0.104743
0.050486
0.087295
0.048227
0.093442
0.093309
0.093330
0.050091
0.071948
0.077629
0.110082
