0.158376
0.154303
0.199702
0.082112
0.182762
0.154144
0.184117
0.094864
0.168229
0.132920
0.170287
0.060629
0.149637
0.158787
0.178921
0.066914
0.164303
0.133647
0.158727
0.066081
0.159946
0.160181
0.163771
0.069007
0.157192
0.148451
0.173629
0.092645
0.157810
0.107768
0.177204
0.076721
0.156493
0.162158
0.159407
0.078232
0.127858
0.124842
0.147661
0.067048
0.162774
0.151406
0.164544
0.075922
0.190065
0.165857
0.177898
0.084638
0.174934
0.140169
0.172913
0.073420
0.118128
0.141720
0.157650
0.100435
0.200363
0.165624
0.190794
0.091836
0.192162
0.166708
0.165840
0.071452
0.160627
0.130950
0.160542
0.074434
0.161050
0.146200
0.168323
0.082843
0.168709
0.132859
0.191020
0.047846
0.173203
0.103828
0.166664
0.068712
0.209536
0.180695
0.218681
0.088951
0.209532
0.128413
0.190559
0.090992
0.175483
0.133772
0.218874
0.080344
0.172604
0.182221
0.200053
0.095357
0.193413
0.150903
0.129837
0.073930
0.130859
0.120749
0.149752
0.064167
0.144809
0.156557
0.169599
0.082814
0.153961
0.155943
0.183354
0.093962
0.142971
0.160132
0.224256
0.094169
0.185558
0.149240
0.166507
0.108040
0.174938
0.109147
0.165483
0.088565
0.149338
0.173987
0.227992
0.098356
0.170591
0.173265
0.190731
0.100599
0.185869
0.188755
0.254393
0.103772
0.179159
0.196242
0.213264
0.088436
0.230054
0.216472
0.302823
0.130749
0.108000
0.180482
0.241503
0.101977
0.227529
0.160533
0.181522
0.114960
0.166454
0.174056
0.303056
0.103122
0.212337
0.193425
0.207104
0.084470
0.175851
0.177967
0.234099
0.098069
0.196957
0.170732
0.197480
0.068446
0.195920
0.182675
0.203851
0.089061
0.208202
0.165545
0.189295
0.106421
0.196563
0.183646
0.224117
0.111591
0.240471
0.188966
0.239720
0.117645
0.227988
0.165747
0.231552
0.115153
0.229914
0.190623
0.196454
0.119041
0.228183
0.188635
0.204251
0.127873
0.216664
0.200958
0.273155
0.115792
0.221504
0.194861
0.225142
0.113640
0.199185
0.198204
0.248508
0.112835
0.246367
0.244526
0.271336
0.123772
0.276883
0.172788
0.287454
0.123491
0.241642
0.223664
0.248759
0.120937
0.233759
0.193825
0.287051
0.114563
0.215955
0.194712
0.217079
0.101508
0.214897
0.174040
0.220464
0.098691
0.189674
0.176709
0.208884
0.096367
0.148806
0.190754
0.204246
0.100966
0.192623
0.163140
0.195808
0.103276
0.182869
0.191238
0.199064
0.088286
0.230024
0.154573
0.199542
0.097034
0.195855
0.181306
0.216628
0.096398
0.232655
0.177313
0.223712
0.068192
0.193086
0.164110
0.224443
0.080580
0.178151
0.173397
0.198368
0.073512
0.187918
0.162110
0.199553
0.076135
0.154358
0.171763
0.169451
0.076803
0.196205
0.159650
0.217297
0.104064
0.211395
0.185799
0.177086
0.111963
0.210762
0.210845
0.227097
0.116948
0.200725
0.184047
0.236686
0.095571
0.173626
0.173046
0.156787
0.083357
0.173809
0.145448
0.185332
0.112150
0.186797
0.185775
0.188040
0.093663
0.198977
0.128330
0.203658
0.103624
0.222728
0.175130
0.230742
0.122695
0.207124
0.201022
0.224619
0.108012
0.230928
0.182059
0.203600
0.098578
0.175546
0.164014
0.179373
0.068487
0.190768
0.154919
0.181186
0.100254
0.159542
0.187230
0.251686
0.090984
0.201555
0.192471
0.219465
0.093345
0.230533
0.184838
0.229712
0.110437
0.185174
0.204950
0.238668
0.104611
0.251563
0.202254
0.256571
0.119029
0.211790
0.184916
0.270675
0.088973
0.278439
0.277674
0.303570
0.130713
0.296910
0.235175
0.254216
0.108791
0.236970
0.208892
0.269936
0.099067
0.246319
0.186850
0.221899
0.099296
0.229905
0.208674
0.230681
0.095691
0.185936
0.138293
0.117918
0.120941
0.249123
0.273742
0.276432
0.144942
0.294648
0.231487
0.311610
0.153023
0.264097
0.261974
0.287077
0.144181
0.255111
0.198378
0.253470
0.164604
0.316823
0.268670
0.369517
0.173005
0.292265
0.145388
0.296491
0.165234
0.302369
0.215552
0.251871
0.132437
0.224269
0.158375
0.319321
0.169238
0.380514
0.282860
0.300754
0.162038
0.261468
0.220512
0.311895
0.169025
0.311269
0.288885
0.299869
0.184316
0.218494
0.284145
0.321072
0.167860
0.268856
0.294199
0.326780
0.160880
0.331658
0.298025
0.382859
0.176641
0.343101
0.351924
0.374193
0.166687
0.363753
0.301990
0.328650
0.196541
0.342148
0.261460
0.311106
0.125504
0.275368
0.236516
0.263611
0.122750
0.316558
0.229309
0.269606
0.178543
0.339311
0.334301
0.366428
0.218037
0.419069
0.361818
0.401375
0.220445
0.395341
0.350832
0.431942
0.230033
0.435094
0.345459
0.293890
0.211437
0.378487
0.358807
0.448564
0.229149
0.412602
0.389157
0.387810
0.199029
0.379691
0.247154
0.338733
0.182723
0.292737
0.277730
0.315011
0.181870
0.381195
0.319686
0.366100
0.205142
0.378426
0.207489
0.331271
0.160493
0.356782
0.327475
0.341805
0.166825
0.286027
0.285768
0.387284
