0.068893
0.069210
0.091187
0.040919
0.083532
0.070357
0.083509
0.053469
0.077380
0.059876
0.075617
0.030253
0.066928
0.072068
0.079985
0.033450
0.074970
0.061729
0.073385
0.033057
0.076529
0.075802
0.077912
0.035217
0.075922
0.068762
0.085280
0.048157
0.076730
0.049144
0.084052
0.038314
0.075607
0.080402
0.079342
0.039068
0.061832
0.057620
0.069599
0.033057
0.075867
0.071485
0.076454
0.038252
0.091043
0.077530
0.083967
0.043610
0.083558
0.067419
0.082847
0.037199
0.056356
0.068624
0.077284
0.051562
0.099509
0.079377
0.095348
0.047058
0.094956
0.082128
0.081660
0.035820
0.076660
0.062183
0.076789
0.037615
0.078122
0.070728
0.083053
0.042676
0.082193
0.064176
0.094625
0.023362
0.084318
0.050102
0.080899
0.033920
0.100853
0.086680
0.106076
0.044845
0.103094
0.061934
0.092899
0.046221
0.083581
0.065166
0.110811
0.040259
0.084585
0.093438
0.098145
0.048914
0.096276
0.074390
0.062534
0.036585
0.061821
0.057457
0.070832
0.031139
0.068135
0.076109
0.081427
0.041143
0.072670
0.074300
0.087297
0.048610
0.067660
0.077966
0.110139
0.047350
0.088591
0.072243
0.079857
0.055923
0.084042
0.050161
0.079985
0.044811
0.071553
0.084752
0.115972
0.048966
0.082689
0.086188
0.094440
0.050888
0.092560
0.095256
0.128813
0.053812
0.088307
0.102690
0.107229
0.045368
0.117204
0.111785
0.161623
0.071287
0.053197
0.092738
0.124740
0.052410
0.111327
0.079686
0.088384
0.061242
0.081456
0.087502
0.157576
0.052803
0.103341
0.097835
0.100351
0.043084
0.085715
0.089098
0.115546
0.049484
0.095967
0.084521
0.095977
0.033029
0.093553
0.089082
0.096893
0.045223
0.099076
0.081270
0.087440
0.054927
0.093897
0.090647
0.108942
0.058192
0.119474
0.093593
0.115039
0.061649
0.112372
0.082671
0.113662
0.060350
0.111881
0.095489
0.095113
0.062641
0.110337
0.093876
0.101100
0.068017
0.107207
0.101352
0.144436
0.060381
0.109091
0.100021
0.109973
0.058750
0.097587
0.100165
0.122256
0.058624
0.120864
0.126672
0.138312
0.066951
0.140587
0.085615
0.143846
0.068754
0.118973
0.118728
0.122133
0.064330
0.116387
0.096203
0.142006
0.059896
0.103741
0.097003
0.105119
0.051987
0.105410
0.086569
0.111027
0.049003
0.091076
0.087152
0.100905
0.048466
0.066633
0.091663
0.093982
0.050937
0.090931
0.077091
0.092376
0.051704
0.086451
0.090420
0.092756
0.042330
0.107172
0.069886
0.095207
0.048502
0.091948
0.084068
0.103083
0.047749
0.109605
0.082668
0.108317
0.032120
0.089950
0.077344
0.102682
0.038794
0.081531
0.079026
0.088707
0.035089
0.084348
0.071018
0.090501
0.036705
0.068711
0.076482
0.077080
0.037305
0.091333
0.074587
0.104218
0.054447
0.106788
0.093074
0.084923
0.057916
0.103883
0.103835
0.110291
0.061644
0.098845
0.091492
0.114676
0.048063
0.082815
0.086132
0.071831
0.040901
0.081529
0.071149
0.087372
0.056795
0.090182
0.091224
0.088540
0.047100
0.095249
0.058096
0.095931
0.054210
0.104636
0.085796
0.109398
0.067001
0.099284
0.098972
0.105755
0.057207
0.111854
0.087646
0.095185
0.051318
0.081653
0.076017
0.084039
0.033743
0.088042
0.072747
0.082490
0.052522
0.069488
0.086602
0.115522
0.047118
0.092770
0.091623
0.099301
0.047658
0.106133
0.086435
0.101385
0.059807
0.081615
0.098357
0.106064
0.055518
0.115958
0.096347
0.121961
0.064230
0.098983
0.092927
0.132726
0.046719
0.138089
0.147380
0.150274
0.075253
0.146966
0.121494
0.125724
0.060006
0.118239
0.103671
0.134409
0.051079
0.118402
0.091338
0.103552
0.052126
0.109540
0.101796
0.113713
0.050354
0.087079
0.064743
0.054897
0.066372
0.125397
0.148859
0.143632
0.083857
0.155823
0.122516
0.169099
0.089230
0.143105
0.145422
0.160262
0.082104
0.139018
0.107905
0.140094
0.094419
0.177472
0.150815
0.217448
0.104747
0.158367
0.073807
0.164918
0.096365
0.164572
0.117106
0.138959
0.075508
0.118318
0.080287
0.180000
0.097821
0.214750
0.160847
0.168635
0.096049
0.147648
0.124165
0.182352
0.098366
0.177904
0.168485
0.175992
0.113651
0.122652
0.165874
0.186258
0.097993
0.151465
0.175169
0.193415
0.094192
0.195651
0.178048
0.237113
0.099911
0.206506
0.213536
0.226317
0.095808
0.212214
0.173940
0.194994
0.117744
0.197375
0.152291
0.181123
0.068483
0.148717
0.134253
0.145623
0.069412
0.179088
0.130553
0.157730
0.107734
0.196824
0.201476
0.226353
0.132941
0.259495
0.226676
0.255512
0.131779
0.237188
0.217484
0.269160
0.141958
0.273658
0.215063
0.172240
0.126886
0.229546
0.225958
0.301331
0.136786
0.259507
0.243816
0.238603
0.115455
0.223954
0.137595
0.200428
0.101759
0.163503
0.154938
0.178764
0.103591
0.223717
0.180083
0.219913
0.118356
0.214958
0.109902
0.187785
0.092430
0.198409
0.192063
0.199924
0.095952
0.153883
0.162333
0.230191
