0.300737
0.281526
0.354667
0.149883
0.337936
0.287319
0.332221
0.156863
0.323426
0.246311
0.319436
0.117076
0.286284
0.288411
0.328712
0.127567
0.315467
0.253016
0.299633
0.122148
0.301654
0.285623
0.308660
0.128200
0.295328
0.276272
0.325143
0.162976
0.302235
0.205697
0.320897
0.141515
0.298742
0.284028
0.297718
0.141604
0.251851
0.231004
0.276628
0.125647
0.303746
0.273537
0.301783
0.142558
0.352992
0.302373
0.316880
0.151772
0.333255
0.260733
0.320881
0.134639
0.235403
0.259351
0.299684
0.174264
0.368953
0.298644
0.342318
0.158917
0.351404
0.294966
0.298314
0.130216
0.304092
0.244624
0.303689
0.132241
0.306398
0.270319
0.308863
0.146130
0.314934
0.235181
0.337476
0.090325
0.334436
0.204188
0.320800
0.121514
0.381160
0.304941
0.374625
0.152382
0.374726
0.233789
0.344868
0.156276
0.327026
0.242486
0.378968
0.143046
0.324065
0.315367
0.355708
0.166304
0.352448
0.273591
0.243967
0.135116
0.253382
0.219735
0.283386
0.118814
0.268680
0.280713
0.309891
0.150256
0.285585
0.278837
0.333030
0.166579
0.263836
0.285898
0.384164
0.169560
0.327064
0.268111
0.300320
0.183941
0.313128
0.203653
0.289740
0.158717
0.268268
0.300100
0.382440
0.178066
0.305132
0.309532
0.327714
0.178294
0.332244
0.330557
0.424234
0.175196
0.315850
0.337746
0.360607
0.157959
0.391109
0.367980
0.479850
0.212907
0.209121
0.317832
0.415359
0.182685
0.405949
0.290258
0.324155
0.195283
0.306755
0.306270
0.477276
0.184076
0.369046
0.331744
0.373074
0.151298
0.327432
0.317066
0.404284
0.174919
0.361756
0.306419
0.356422
0.126487
0.368150
0.324611
0.370640
0.154808
0.379349
0.304442
0.349084
0.180601
0.359360
0.327103
0.386592
0.188406
0.414775
0.333542
0.404631
0.198080
0.393545
0.295697
0.393893
0.197407
0.400828
0.334644
0.340822
0.200710
0.398008
0.335384
0.354791
0.211651
0.381169
0.346053
0.452959
0.195882
0.383819
0.334953
0.377108
0.197711
0.354918
0.346720
0.427563
0.191102
0.419955
0.398191
0.440371
0.211045
0.461517
0.307263
0.470681
0.211032
0.429414
0.381937
0.423789
0.200942
0.409648
0.328114
0.475781
0.195737
0.376339
0.334080
0.379383
0.177495
0.394764
0.311923
0.377026
0.172367
0.338451
0.318507
0.370168
0.178326
0.272609
0.344195
0.366296
0.180594
0.345773
0.299194
0.355268
0.185980
0.347401
0.338231
0.361112
0.159851
0.404819
0.280149
0.362181
0.166650
0.354736
0.316693
0.371228
0.174371
0.418353
0.317223
0.385975
0.124899
0.345151
0.303068
0.401568
0.148220
0.343299
0.318103
0.378902
0.135430
0.354167
0.299247
0.358544
0.142393
0.286133
0.305679
0.314143
0.141819
0.357728
0.286923
0.385123
0.176239
0.394225
0.327000
0.338425
0.181288
0.402348
0.365405
0.402246
0.193525
0.384766
0.334767
0.415381
0.163132
0.341294
0.319152
0.301233
0.148929
0.343596
0.277061
0.352369
0.185147
0.353611
0.326274
0.347967
0.160698
0.371386
0.244919
0.369911
0.169247
0.408332
0.321191
0.407413
0.195488
0.383528
0.353415
0.389329
0.178710
0.412608
0.325757
0.367063
0.163821
0.330591
0.301887
0.329582
0.124324
0.352441
0.285032
0.340043
0.170844
0.315437
0.343098
0.438102
0.158071
0.378121
0.349048
0.394684
0.160083
0.420455
0.337242
0.398378
0.185637
0.345769
0.365219
0.406776
0.181704
0.433531
0.354094
0.427235
0.199108
0.371460
0.328277
0.440054
0.160596
0.467305
0.453759
0.479592
0.216377
0.492958
0.390177
0.411817
0.192086
0.402160
0.358708
0.442701
0.175556
0.417407
0.326459
0.370272
0.179603
0.392141
0.362148
0.394628
0.167939
0.337304
0.256692
0.231908
0.196277
0.466280
0.437074
0.453834
0.225649
0.495887
0.385020
0.497984
0.239371
0.444868
0.406418
0.464406
0.233869
0.420772
0.327480
0.405598
0.258903
0.509445
0.413854
0.519963
0.277569
0.461114
0.244076
0.448596
0.262490
0.462282
0.343250
0.390716
0.222366
0.361873
0.259494
0.455758
0.272865
0.556330
0.442571
0.449549
0.248642
0.422074
0.348688
0.468735
0.256241
0.476642
0.433195
0.448932
0.279099
0.365981
0.441450
0.482724
0.248819
0.421002
0.446500
0.480536
0.245241
0.502089
0.436654
0.528399
0.270302
0.500328
0.490053
0.508572
0.267929
0.514967
0.445084
0.472546
0.295129
0.513721
0.394245
0.449515
0.203515
0.423923
0.370689
0.393244
0.197756
0.479152
0.360303
0.403189
0.271827
0.504367
0.479543
0.516737
0.318501
0.586554
0.512827
0.555934
0.322838
0.573714
0.500277
0.584228
0.330179
0.615225
0.500064
0.435108
0.308277
0.551286
0.508432
0.616811
0.332563
0.579689
0.552214
0.550690
0.302393
0.547346
0.381910
0.492766
0.288149
0.441261
0.415065
0.444808
0.287557
0.538580
0.465905
0.502202
0.320546
0.537050
0.335454
0.469634
0.259755
0.532471
0.472135
0.499483
0.265686
0.448170
0.431136
0.544479
