0.636602
0.662714
0.736343
0.560992
0.720970
0.723127
0.759456
0.500275
0.629384
0.619543
0.607618
0.501910
0.663580
0.703944
0.725463
0.559274
0.718478
0.738843
0.737589
0.560429
0.693422
0.708333
0.709936
0.560178
0.696555
0.727102
0.717475
0.562090
0.689777
0.725745
0.752951
0.592903
0.729945
0.755420
0.764063
0.620022
0.747543
0.792408
0.772215
0.665767
0.760448
0.804159
0.780914
0.632966
0.738530
0.759669
0.747970
0.586256
0.681807
0.685867
0.586713
0.501274
0.597474
0.656074
0.680892
0.520134
0.592506
0.531371
0.607276
0.469161
0.609502
0.654543
0.652397
0.543548
0.663181
0.664674
0.698104
0.539754
0.692680
0.710759
0.712020
0.593473
0.694312
0.717941
0.697295
0.629050
0.723974
0.753110
0.722587
0.621986
0.744096
0.753135
0.745130
0.617591
0.734263
0.708164
0.719351
0.606223
0.742408
0.664401
0.709839
0.553285
0.690209
0.689968
0.727316
0.521699
0.708212
0.744423
0.734862
0.535798
0.667930
0.705652
0.656932
0.513830
0.683059
0.625544
0.678886
0.497971
0.636015
0.623480
0.673473
0.501935
0.647255
0.710567
0.730413
0.436585
0.591748
0.656208
0.689466
0.485724
0.696017
0.690963
0.700220
0.480856
0.671439
0.657024
0.708937
0.500870
0.704269
0.727437
0.734630
0.514728
0.674435
0.679618
0.716795
0.539957
0.734621
0.681141
0.719216
0.529136
0.719869
0.728955
0.714068
0.500861
0.683544
0.729235
0.768982
0.566256
0.710142
0.675490
0.715149
0.529548
0.655420
0.664835
0.678774
0.479354
0.591462
0.589471
0.632962
0.464960
0.593627
0.616769
0.582034
0.452898
0.594948
0.605374
0.644646
0.456893
0.676126
0.675524
0.709116
0.491862
0.679469
0.663945
0.703498
0.509160
0.687494
0.696352
0.751761
0.494212
0.491933
0.592891
0.662168
0.508076
0.724781
0.717688
0.705721
0.561826
0.700057
0.735896
0.773345
0.612340
0.773087
0.786827
0.790074
0.634982
0.751391
0.772048
0.781384
0.616626
0.740184
0.772174
0.784190
0.596072
0.743366
0.763031
0.779442
0.609486
0.776410
0.756526
0.766028
0.596026
0.754456
0.752271
0.773242
0.616551
0.725851
0.721328
0.708074
0.587459
0.738566
0.730504
0.739924
0.551808
0.717589
0.694532
0.681251
0.496660
0.636757
0.657690
0.622647
0.420421
0.534151
0.549394
0.586998
0.411171
0.620473
0.634649
0.684221
0.453380
0.649313
0.640627
0.686448
0.461296
0.690170
0.640572
0.700708
0.493386
0.707606
0.719489
0.735131
0.497938
0.709630
0.717618
0.774383
0.527155
0.757734
0.765324
0.791443
0.551969
0.760183
0.767964
0.768205
0.568533
0.745862
0.751099
0.728946
0.537459
0.697839
0.629065
0.625436
0.477651
0.686461
0.668936
0.721475
0.476044
0.636734
0.654252
0.699511
0.500924
0.622352
0.605604
0.656786
0.478900
0.663914
0.639466
0.697074
0.482649
0.705356
0.684202
0.709300
0.532765
0.749440
0.743260
0.759773
0.531662
0.694158
0.698471
0.718264
0.547986
0.706397
0.707653
0.733022
0.544499
0.711025
0.675097
0.740296
0.524599
0.698127
0.699949
0.741240
0.533273
0.742281
0.742791
0.753792
0.521553
0.715870
0.749651
0.770189
0.565250
0.756583
0.773724
0.792222
0.592757
0.771904
0.790974
0.808614
0.631621
0.798476
0.799983
0.788781
0.615164
0.780530
0.780483
0.796505
0.605130
0.758715
0.746041
0.785706
0.600210
0.775051
0.770457
0.774406
0.594890
0.737004
0.772796
0.778340
0.592649
0.744422
0.751063
0.752020
0.614070
0.705792
0.745347
0.713685
0.595077
0.727382
0.754212
0.728513
0.573516
0.719240
0.747295
0.749513
0.600404
0.742887
0.760709
0.736718
0.575292
0.719974
0.743041
0.770731
0.635341
0.763664
0.780183
0.746484
0.635369
0.725072
0.713686
0.777271
0.596048
0.750350
0.781394
0.780111
0.653689
0.793927
0.805915
0.806471
0.647029
0.763762
0.772814
0.763379
0.603093
0.759522
0.812205
0.812388
0.616594
0.770822
0.776912
0.776914
0.611789
0.766602
0.777429
0.762028
0.604047
0.762866
0.775347
0.770136
0.574914
0.705118
0.703976
0.708795
0.527394
0.632080
0.639296
0.695393
0.518904
0.653322
0.648382
0.676001
0.511731
0.656614
0.655086
0.626086
0.479283
0.643734
0.649467
0.675201
0.522877
0.693775
0.689337
0.726975
0.551492
0.750298
0.739526
0.782247
0.595758
0.776676
0.790414
0.795624
0.649224
0.783766
0.774000
0.784566
0.668053
0.791174
0.828136
0.804542
0.682502
0.816314
0.832804
0.822542
0.682990
0.803648
0.822961
0.820584
0.673704
0.806631
0.821425
0.811332
0.656593
0.784551
0.769316
0.757781
0.619158
0.740776
0.746951
0.764748
0.600097
0.759252
0.732313
0.720175
0.566853
0.660562
0.698263
0.699706
0.594077
0.726626
0.723379
0.724187
0.572909
0.735837
0.750034
0.763083
0.609009
0.767378
0.779601
0.780874
0.621470
0.766831
0.772765
0.764630
0.600868
0.726154
0.741243
0.728165
0.626683
0.720342
0.746332
0.760034
0.606096
0.702031
0.726792
0.737206
0.583974
0.743417
0.773671
0.791043
0.617714
0.756356
0.779710
0.768251
0.630078
0.770252
0.764005
0.779977
0.619943
0.781148
0.787534
0.802980
0.653863
0.780194
0.810588
0.810806
0.666636
0.794274
0.819840
0.816025
0.665503
0.812494
0.843394
0.828043
0.701265
0.819771
0.838181
0.817987
0.698167
0.793631
0.825443
0.802813
0.717291
0.813461
0.832897
0.815074
0.720822
0.800787
0.819278
0.780981
0.723597
0.825462
0.856315
0.833328
0.733018
0.814191
0.837778
0.826932
0.742359
0.820680
0.845426
0.816756
0.730949
0.812755
0.815740
0.787320
0.691801
0.775912
0.804132
0.825965
0.711836
0.808356
0.848075
0.820514
0.733698
0.808282
0.837530
0.829145
0.753619
0.816043
0.852167
0.820026
0.751681
0.805778
0.847772
0.816335
0.720593
0.788724
0.797188
0.779801
0.694641
0.753972
0.774212
0.738902
0.629414
0.745687
0.768056
0.783693
0.670147
0.772638
0.761260
0.728979
