0.418849
0.374824
0.487390
0.357399
0.464834
0.447230
0.486340
0.350845
0.396003
0.363949
0.331022
0.308097
0.389472
0.441342
0.448484
0.376427
0.458683
0.469560
0.459444
0.377826
0.425906
0.430861
0.441930
0.371352
0.440091
0.457578
0.449495
0.370577
0.427965
0.461102
0.466662
0.414308
0.481032
0.516020
0.508882
0.414707
0.524783
0.560797
0.536729
0.435763
0.538142
0.573527
0.531411
0.423496
0.503225
0.520717
0.485685
0.364287
0.411390
0.412002
0.322450
0.298855
0.340407
0.394671
0.398286
0.321070
0.321083
0.276367
0.323370
0.275448
0.329963
0.387485
0.373214
0.350566
0.394677
0.392724
0.410096
0.335939
0.422989
0.421576
0.442030
0.399799
0.440860
0.452074
0.442395
0.407365
0.470816
0.506278
0.464688
0.409494
0.499500
0.514398
0.491542
0.393209
0.471786
0.440597
0.455446
0.403054
0.481428
0.392613
0.438624
0.344985
0.429220
0.427843
0.439379
0.309973
0.441563
0.477822
0.450869
0.333209
0.398030
0.434548
0.366633
0.315678
0.415713
0.348784
0.391018
0.311352
0.368175
0.356845
0.375606
0.310500
0.372585
0.427868
0.425229
0.257303
0.318069
0.361242
0.381461
0.313623
0.407875
0.398413
0.400851
0.302403
0.396012
0.366033
0.408086
0.311327
0.418426
0.425523
0.436676
0.333436
0.395331
0.396424
0.417816
0.340928
0.461707
0.393050
0.426650
0.327061
0.445080
0.444163
0.414510
0.300063
0.400181
0.441568
0.481235
0.374178
0.431556
0.392688
0.426794
0.320898
0.372126
0.369418
0.369524
0.279244
0.310702
0.303811
0.334252
0.258292
0.304798
0.321060
0.298165
0.252599
0.303342
0.312062
0.335754
0.268117
0.378848
0.381544
0.394241
0.302699
0.385506
0.378911
0.390391
0.312027
0.391661
0.390951
0.448053
0.297276
0.240833
0.308769
0.343424
0.302114
0.435635
0.427340
0.419746
0.364475
0.418781
0.456059
0.497019
0.404302
0.519209
0.539739
0.527350
0.391518
0.494817
0.515449
0.505927
0.386487
0.469600
0.490311
0.490908
0.387900
0.467939
0.485871
0.494594
0.404283
0.506140
0.492209
0.482009
0.374715
0.481393
0.469725
0.494877
0.396868
0.457854
0.439306
0.426934
0.358725
0.464399
0.447687
0.454613
0.336434
0.434290
0.415666
0.386564
0.282650
0.351477
0.375844
0.325990
0.219478
0.264583
0.274676
0.294341
0.215312
0.324000
0.346199
0.371146
0.268646
0.359891
0.354069
0.369173
0.271012
0.391481
0.346222
0.386232
0.307707
0.418817
0.424392
0.432629
0.304712
0.411029
0.421282
0.467468
0.338221
0.470324
0.469310
0.503502
0.368582
0.493717
0.465744
0.490069
0.361100
0.471507
0.460342
0.430940
0.329332
0.404759
0.329856
0.322548
0.277210
0.391737
0.367211
0.405549
0.279450
0.344776
0.358622
0.379392
0.305962
0.332403
0.309917
0.344067
0.284343
0.367451
0.344966
0.384307
0.288216
0.408933
0.388295
0.395550
0.338948
0.463474
0.445180
0.453094
0.334500
0.405313
0.398037
0.418957
0.333303
0.409303
0.412815
0.441205
0.342120
0.416398
0.378857
0.426420
0.321229
0.401634
0.398218
0.429914
0.334824
0.453472
0.444573
0.446187
0.324059
0.433049
0.445722
0.472356
0.367996
0.473005
0.488712
0.500104
0.389468
0.505269
0.509037
0.526169
0.424791
0.534067
0.527011
0.497859
0.406833
0.508938
0.511583
0.506915
0.389709
0.473533
0.464316
0.498767
0.386600
0.496679
0.497135
0.480211
0.377301
0.447546
0.496767
0.501459
0.371950
0.459154
0.475559
0.474837
0.385811
0.424926
0.463369
0.428626
0.364004
0.449888
0.475895
0.443634
0.348827
0.428967
0.465332
0.457481
0.385428
0.466048
0.467511
0.450526
0.359389
0.446466
0.463113
0.490926
0.415755
0.493851
0.510781
0.470929
0.414257
0.441506
0.430612
0.490165
0.379319
0.471477
0.512094
0.510987
0.434709
0.533586
0.545395
0.539785
0.434998
0.501371
0.493446
0.470266
0.375512
0.488827
0.545408
0.536321
0.408517
0.501159
0.496440
0.491136
0.399552
0.501660
0.500092
0.487215
0.383044
0.485444
0.495425
0.484450
0.362275
0.422429
0.399918
0.409454
0.314968
0.343095
0.350815
0.388538
0.307494
0.359794
0.363753
0.373199
0.292547
0.359777
0.365324
0.329627
0.268211
0.337816
0.347701
0.368966
0.318689
0.394676
0.405094
0.424131
0.334462
0.451401
0.449070
0.495417
0.396773
0.502869
0.526878
0.526335
0.430232
0.512862
0.521384
0.503503
0.449040
0.540376
0.577026
0.554939
0.453788
0.559573
0.590891
0.570682
0.467562
0.549147
0.578381
0.556667
0.455933
0.545009
0.559408
0.541228
0.447051
0.515208
0.497143
0.469635
0.389714
0.460339
0.456914
0.468736
0.387414
0.469835
0.458997
0.436948
0.332611
0.371770
0.401212
0.414470
0.366534
0.442058
0.430904
0.430531
0.348314
0.458362
0.467267
0.480662
0.384046
0.482106
0.504691
0.491567
0.413667
0.478120
0.495553
0.476629
0.386721
0.441395
0.445982
0.440443
0.415936
0.432570
0.455142
0.478388
0.382653
0.414727
0.432177
0.444164
0.363506
0.458208
0.494704
0.504830
0.407351
0.481259
0.499469
0.483653
0.405684
0.482060
0.485835
0.485235
0.407158
0.508106
0.523438
0.527819
0.438518
0.519924
0.538606
0.543336
0.442179
0.535407
0.560082
0.548123
0.442622
0.555495
0.595737
0.578202
0.481916
0.580170
0.593086
0.571075
0.456281
0.542638
0.564010
0.544517
0.487501
0.572481
0.593683
0.567070
0.477222
0.545984
0.563679
0.514475
0.485742
0.584196
0.631208
0.590526
0.505791
0.563660
0.599707
0.578102
0.516711
0.585351
0.609304
0.564659
0.504839
0.567694
0.559252
0.512910
0.459948
0.511654
0.549108
0.581665
0.473715
0.564561
0.614223
0.568452
0.511772
0.562968
0.601063
0.588445
0.532189
0.584320
0.630638
0.580663
0.509786
0.567408
0.612738
0.565960
0.487899
0.532904
0.538337
0.511641
0.449991
0.482919
0.497543
0.459508
0.379878
0.463149
0.493656
0.509043
0.441987
0.501245
0.481395
0.444378
