0.503904
0.496249
0.595513
0.446651
0.579198
0.571525
0.616425
0.421434
0.494231
0.475094
0.449642
0.390296
0.506679
0.565385
0.577521
0.454871
0.574395
0.594808
0.593066
0.461733
0.542567
0.561243
0.569412
0.460842
0.552573
0.583212
0.576650
0.461358
0.539963
0.588493
0.597471
0.503098
0.593038
0.633387
0.631680
0.511107
0.630623
0.677186
0.645056
0.543696
0.640937
0.691592
0.647177
0.521742
0.612872
0.655148
0.615030
0.456138
0.532731
0.535411
0.438366
0.388884
0.453855
0.516506
0.527143
0.408646
0.437388
0.385491
0.445581
0.359302
0.453445
0.509111
0.502265
0.438684
0.510369
0.515952
0.543420
0.432817
0.538958
0.554696
0.575457
0.492911
0.550482
0.575486
0.561677
0.513995
0.582097
0.627492
0.588104
0.512490
0.612091
0.634552
0.615444
0.497899
0.588141
0.576062
0.585345
0.495288
0.603929
0.509985
0.566692
0.445444
0.547854
0.554977
0.577055
0.403119
0.560620
0.607110
0.588182
0.427984
0.515711
0.568335
0.498837
0.406638
0.543468
0.471974
0.528929
0.396433
0.486725
0.484312
0.518121
0.394441
0.499124
0.560293
0.575577
0.339277
0.438157
0.498192
0.527684
0.391932
0.546500
0.533643
0.548630
0.383388
0.525380
0.502011
0.556548
0.399388
0.553313
0.569935
0.583557
0.420101
0.522384
0.533955
0.564128
0.432686
0.590078
0.528369
0.565277
0.425620
0.578183
0.584474
0.557711
0.392306
0.533252
0.582175
0.633702
0.462141
0.558117
0.530253
0.573769
0.413990
0.501791
0.507417
0.512049
0.370236
0.434058
0.434200
0.474411
0.349892
0.434940
0.457970
0.432063
0.342116
0.431639
0.446877
0.480201
0.356665
0.517150
0.523566
0.551229
0.389586
0.525871
0.519251
0.536393
0.403844
0.529585
0.537128
0.610380
0.384448
0.349530
0.436668
0.494415
0.398616
0.576130
0.574561
0.569738
0.453389
0.549064
0.596891
0.637249
0.504487
0.639949
0.673884
0.657656
0.503344
0.614603
0.648147
0.637768
0.500783
0.595427
0.634784
0.637604
0.490457
0.600880
0.617864
0.637012
0.506313
0.637886
0.628141
0.624982
0.481136
0.605757
0.609922
0.635055
0.505139
0.586749
0.575379
0.565804
0.466653
0.594974
0.591315
0.600088
0.436365
0.566135
0.548618
0.525860
0.379337
0.479291
0.504115
0.465242
0.303824
0.380046
0.394179
0.425018
0.301058
0.453568
0.488341
0.520964
0.350732
0.494483
0.497189
0.531087
0.349229
0.525814
0.483955
0.539976
0.393231
0.551069
0.566592
0.585573
0.391354
0.545592
0.565811
0.623771
0.428088
0.606061
0.612716
0.653977
0.452283
0.628050
0.602567
0.639429
0.456339
0.600575
0.604962
0.577564
0.418619
0.538004
0.471449
0.467313
0.364445
0.531273
0.512637
0.562790
0.364525
0.477009
0.495702
0.531913
0.396155
0.464005
0.444250
0.489676
0.373451
0.503048
0.481802
0.536148
0.376959
0.544690
0.533228
0.546699
0.425840
0.599655
0.592536
0.602022
0.422167
0.540397
0.535248
0.570119
0.432105
0.551460
0.554847
0.597077
0.431721
0.554603
0.519742
0.577561
0.415756
0.542007
0.546385
0.588968
0.421900
0.592055
0.587826
0.602691
0.411991
0.560291
0.593046
0.623427
0.464975
0.611376
0.630910
0.645928
0.485310
0.633652
0.648424
0.670605
0.520809
0.660909
0.666667
0.639028
0.508963
0.639219
0.657238
0.653225
0.486425
0.603413
0.611794
0.644308
0.479535
0.628244
0.641574
0.623723
0.476465
0.579625
0.633259
0.643569
0.472659
0.591278
0.610541
0.613460
0.490274
0.556993
0.600569
0.567420
0.472659
0.584690
0.614177
0.583980
0.453165
0.558974
0.601637
0.598832
0.491533
0.600481
0.612421
0.593850
0.457309
0.577150
0.601472
0.635420
0.515888
0.620824
0.649545
0.614493
0.514347
0.575155
0.570729
0.634257
0.480536
0.602038
0.649060
0.650727
0.535359
0.657091
0.681378
0.674390
0.540883
0.631849
0.629845
0.614310
0.484280
0.618260
0.688883
0.675577
0.507720
0.632314
0.631985
0.638745
0.496510
0.630542
0.637181
0.629324
0.483378
0.616309
0.635257
0.632123
0.459732
0.550444
0.545503
0.565461
0.404925
0.471208
0.485394
0.537256
0.402375
0.492031
0.498259
0.518947
0.391069
0.493562
0.504840
0.468327
0.361185
0.472493
0.486226
0.517630
0.410429
0.531142
0.539272
0.569430
0.436392
0.592896
0.593371
0.649011
0.489556
0.634783
0.661878
0.662867
0.535634
0.642485
0.659288
0.640248
0.555464
0.662845
0.703476
0.683701
0.564651
0.684272
0.719678
0.700572
0.572638
0.670410
0.708972
0.692290
0.561746
0.673916
0.692470
0.680323
0.544510
0.641366
0.632502
0.611078
0.499369
0.590599
0.595651
0.617314
0.488968
0.603210
0.602130
0.578263
0.433309
0.501566
0.539138
0.552363
0.476027
0.576907
0.572188
0.577556
0.452401
0.590263
0.609477
0.623541
0.488627
0.616144
0.652743
0.638958
0.506607
0.613610
0.632570
0.621699
0.487967
0.575517
0.587713
0.585915
0.516380
0.566645
0.595431
0.624326
0.486412
0.547931
0.571953
0.596833
0.464849
0.594645
0.638064
0.655392
0.498149
0.614467
0.635200
0.631504
0.507805
0.622923
0.622574
0.629966
0.505874
0.638811
0.661233
0.669310
0.537880
0.644183
0.684279
0.680219
0.550043
0.662356
0.700450
0.684372
0.549392
0.684510
0.721717
0.712892
0.590418
0.701666
0.716039
0.696587
0.578591
0.667770
0.695014
0.677332
0.598448
0.692890
0.715871
0.694078
0.595727
0.670946
0.695724
0.645549
0.605772
0.701860
0.748049
0.717782
0.618761
0.683675
0.727756
0.708007
0.627176
0.702109
0.734318
0.696189
0.620810
0.689541
0.692444
0.650818
0.573394
0.641665
0.679749
0.709511
0.588196
0.682760
0.738858
0.694436
0.629728
0.683781
0.726421
0.712084
0.643252
0.699937
0.748416
0.702935
0.634311
0.686681
0.737148
0.702422
0.600193
0.659503
0.673036
0.645754
0.566573
0.614230
0.632537
0.598996
0.495012
0.596502
0.634337
0.649351
0.551213
0.631982
0.621327
0.585415
