0.383331
0.339686
0.438230
0.304879
0.429305
0.378108
0.424036
0.258966
0.365592
0.288890
0.279819
0.243259
0.337313
0.357274
0.377259
0.306320
0.406870
0.382648
0.384039
0.303224
0.364966
0.349007
0.370513
0.283509
0.390086
0.369032
0.372510
0.278869
0.367366
0.368449
0.390893
0.320826
0.419093
0.407027
0.424502
0.334663
0.473555
0.446764
0.458362
0.336870
0.481749
0.450603
0.458551
0.319883
0.437422
0.399982
0.405323
0.276202
0.341790
0.303923
0.250308
0.224231
0.274515
0.294688
0.314121
0.242510
0.254657
0.201186
0.245476
0.203875
0.264124
0.295547
0.292038
0.257617
0.326050
0.301904
0.331318
0.242179
0.356600
0.321766
0.361222
0.292599
0.375147
0.352097
0.365657
0.295974
0.406613
0.387958
0.383513
0.304439
0.430700
0.397273
0.408381
0.295030
0.399519
0.334050
0.368862
0.303724
0.403987
0.290164
0.350428
0.252942
0.356357
0.316759
0.350140
0.226225
0.360046
0.357870
0.359292
0.245861
0.318068
0.318455
0.276718
0.232941
0.333244
0.244548
0.294739
0.233077
0.289834
0.250748
0.283263
0.229423
0.288746
0.316268
0.320765
0.184288
0.240618
0.258696
0.276946
0.232677
0.314642
0.287829
0.294887
0.220807
0.303680
0.263128
0.300971
0.226973
0.320744
0.310277
0.324011
0.248936
0.302434
0.287979
0.314146
0.252045
0.366746
0.282233
0.317744
0.241606
0.347911
0.328501
0.306510
0.217692
0.305846
0.321604
0.369744
0.281818
0.334509
0.285974
0.314248
0.234985
0.282176
0.261171
0.267693
0.199502
0.232502
0.210833
0.235233
0.183744
0.223156
0.224115
0.210228
0.178330
0.224133
0.219379
0.234259
0.192654
0.284583
0.272426
0.291641
0.218275
0.298709
0.269767
0.284811
0.223403
0.298105
0.277730
0.329860
0.214131
0.172611
0.215371
0.245340
0.216549
0.334001
0.311128
0.308788
0.268491
0.329647
0.338356
0.381998
0.298816
0.432903
0.414464
0.418008
0.285384
0.411590
0.388937
0.405538
0.277219
0.386338
0.371788
0.383592
0.286896
0.380951
0.359789
0.384390
0.302190
0.420210
0.365073
0.377822
0.270382
0.399024
0.351851
0.391378
0.291235
0.374729
0.326505
0.330360
0.256593
0.381087
0.333572
0.355539
0.241236
0.348423
0.302582
0.290111
0.201535
0.270093
0.263980
0.236805
0.152887
0.196673
0.189679
0.207141
0.151358
0.238930
0.242536
0.265538
0.194573
0.271321
0.245412
0.263459
0.196504
0.296502
0.240656
0.277719
0.224547
0.325085
0.301121
0.323240
0.219731
0.315567
0.305122
0.347338
0.254176
0.370022
0.347547
0.378700
0.279779
0.403729
0.344355
0.372475
0.272278
0.379033
0.341645
0.323001
0.238405
0.312469
0.232899
0.228314
0.196693
0.295839
0.260340
0.294049
0.200338
0.255943
0.254044
0.273346
0.222512
0.248334
0.214282
0.244980
0.202549
0.271651
0.240994
0.275815
0.207313
0.315498
0.274814
0.284955
0.249277
0.365314
0.323810
0.336144
0.243050
0.316012
0.285132
0.309756
0.241354
0.310489
0.299352
0.330724
0.251478
0.323747
0.267984
0.312296
0.233501
0.304346
0.285245
0.314172
0.244100
0.351065
0.325582
0.334550
0.232491
0.337357
0.327986
0.356248
0.270345
0.374909
0.366087
0.381664
0.292979
0.409621
0.388057
0.409773
0.314512
0.440198
0.397260
0.391188
0.297448
0.417075
0.388368
0.390566
0.284600
0.376434
0.345775
0.384565
0.285952
0.400253
0.370750
0.364268
0.275929
0.351353
0.370871
0.387219
0.274448
0.366669
0.356267
0.363792
0.282129
0.332800
0.347167
0.328005
0.263838
0.357854
0.354662
0.332605
0.253721
0.334959
0.346243
0.349431
0.286909
0.369272
0.348690
0.335819
0.265757
0.348924
0.346270
0.379441
0.311575
0.398281
0.389078
0.359553
0.305959
0.346857
0.318631
0.377783
0.278012
0.377110
0.386148
0.390607
0.337265
0.435703
0.422570
0.426922
0.324905
0.410289
0.369994
0.359733
0.273877
0.393359
0.419098
0.426553
0.304519
0.408817
0.371989
0.378916
0.295828
0.405434
0.377087
0.376054
0.280758
0.398053
0.371363
0.368133
0.269179
0.326801
0.287983
0.301567
0.226273
0.256624
0.245937
0.283015
0.220556
0.268081
0.255571
0.272897
0.207474
0.273083
0.257399
0.232896
0.186110
0.247798
0.241603
0.263957
0.229941
0.298624
0.289582
0.312171
0.243388
0.349937
0.330558
0.377139
0.294187
0.402961
0.401209
0.413431
0.320260
0.420088
0.395039
0.394851
0.330563
0.448450
0.449423
0.447020
0.336045
0.476024
0.461147
0.464483
0.347033
0.458382
0.448187
0.449117
0.339236
0.458546
0.426180
0.432453
0.328949
0.423487
0.373838
0.364743
0.280489
0.367060
0.340121
0.353424
0.285083
0.373330
0.337364
0.322838
0.239775
0.279874
0.289508
0.309322
0.268115
0.345142
0.313141
0.324667
0.252160
0.359898
0.349421
0.370365
0.281677
0.388244
0.379846
0.382230
0.306414
0.380944
0.377388
0.367189
0.281050
0.350393
0.327941
0.330342
0.310232
0.337238
0.337859
0.365695
0.282755
0.324048
0.314920
0.332553
0.265478
0.359176
0.370453
0.392668
0.304118
0.387466
0.374347
0.370998
0.302353
0.381686
0.367917
0.371812
0.300312
0.410926
0.399150
0.409300
0.328172
0.424049
0.416838
0.427423
0.331161
0.442349
0.427326
0.432736
0.329965
0.464777
0.461184
0.470282
0.362283
0.498243
0.461237
0.466121
0.333827
0.454607
0.433465
0.442408
0.362566
0.490978
0.463039
0.464095
0.352413
0.459898
0.436748
0.412652
0.361634
0.503269
0.504193
0.486849
0.377150
0.476848
0.471746
0.477474
0.389151
0.506867
0.480583
0.463279
0.375929
0.484295
0.430245
0.407323
0.339166
0.423159
0.426364
0.475515
0.351284
0.479312
0.488471
0.468382
0.380450
0.482259
0.468754
0.493546
0.396822
0.510603
0.502691
0.478597
0.378719
0.479550
0.483281
0.461119
0.363041
0.448200
0.411000
0.403798
0.331673
0.390076
0.377076
0.351960
0.275828
0.370109
0.371955
0.398191
0.333218
0.401042
0.361096
0.337912
