0.567435
0.494673
0.534603
0.441261
0.544412
0.515848
0.527385
0.366875
0.580275
0.486049
0.457593
0.413408
0.500669
0.508995
0.479152
0.421800
0.499720
0.512779
0.498512
0.435260
0.529978
0.537685
0.516653
0.441831
0.526838
0.531957
0.506336
0.458931
0.548439
0.567288
0.534037
0.474402
0.549882
0.553650
0.516309
0.451615
0.532505
0.533978
0.515523
0.434395
0.541370
0.543565
0.507831
0.423243
0.534655
0.517213
0.484479
0.398514
0.506129
0.508069
0.474797
0.397809
0.492184
0.486279
0.475281
0.393017
0.484841
0.498152
0.498939
0.411370
0.507433
0.514176
0.516628
0.422590
0.532262
0.548496
0.545384
0.437800
0.553705
0.577869
0.558947
0.475084
0.559793
0.598981
0.539776
0.452232
0.537419
0.579872
0.548883
0.466009
0.528372
0.543932
0.509438
0.422108
0.504637
0.502132
0.482889
0.416167
0.496973
0.502283
0.475076
0.402618
0.480378
0.481180
0.473829
0.388345
0.478716
0.458248
0.460964
0.385564
0.497641
0.517329
0.521838
0.445329
0.544872
0.571650
0.552162
0.450188
0.541591
0.542155
0.518319
0.421050
0.503785
0.488873
0.482545
0.423752
0.516028
0.535278
0.509247
0.444288
0.523199
0.556575
0.542347
0.475344
0.552594
0.596892
0.550989
0.492825
0.546600
0.588332
0.548716
0.504376
0.557474
0.589583
0.534435
0.499006
0.547293
0.594761
0.545997
0.498932
0.559219
0.606786
0.555355
0.497064
0.552991
0.595691
0.552863
0.499156
0.551784
0.603410
0.551136
0.493380
0.550971
0.586919
0.543552
0.492916
0.553096
0.580697
0.531424
0.465966
0.516365
0.538335
0.535309
0.459947
0.550213
0.574245
0.559863
0.464934
0.542558
0.563601
0.528960
0.450785
0.521042
0.527381
0.511326
0.433142
0.517542
0.543106
0.525699
0.448669
0.537194
0.565801
0.531220
0.465206
0.542575
0.580959
0.555875
0.469951
0.526096
0.536300
0.518538
0.440044
0.533498
0.532931
0.513944
0.422726
0.525719
0.535096
0.537897
0.420757
0.533439
0.531616
0.529423
0.417852
0.533715
0.519940
0.505715
0.397388
0.491002
0.495815
0.501405
0.396045
0.503505
0.504359
0.507867
0.394759
0.507262
0.511624
0.516978
0.422509
0.522582
0.527542
0.514431
0.432529
0.545085
0.551456
0.542718
0.439785
0.542702
0.562435
0.540608
0.442539
0.542014
0.554970
0.533990
0.438631
0.531589
0.558235
0.519281
0.452504
0.537277
0.564084
0.503669
0.450662
0.535044
0.547963
0.502344
0.445807
0.528774
0.558655
0.504229
0.455355
0.528169
0.547682
0.500296
0.434391
0.526551
0.534399
0.508915
0.435455
0.535762
0.541002
0.497617
0.429657
0.525834
0.522537
0.498220
0.429717
0.508048
0.506273
0.462584
0.408741
0.487452
0.493707
0.469857
0.375650
0.457316
0.463308
0.442591
0.377468
0.478221
0.492526
0.471435
0.413493
0.509384
0.553558
0.527875
0.439688
0.560608
0.581685
0.535541
0.456101
0.561156
0.575472
0.520703
0.445409
0.537390
0.545454
0.492816
0.422543
0.505279
0.519139
0.490518
0.440453
0.518181
0.549378
0.488027
0.445946
0.530658
0.562071
0.497287
0.468060
0.547372
0.571767
0.516126
0.481181
0.550597
0.579402
0.519421
0.483235
0.554699
0.575285
0.484632
0.454547
0.540762
0.572028
0.515970
0.463947
0.548823
0.576104
0.526526
0.492397
0.552456
0.589292
0.541780
0.503683
0.565539
0.599916
0.538966
0.498777
0.566167
0.594736
0.536591
0.499716
0.570227
0.616278
0.571876
0.495797
0.570903
0.614446
0.567736
0.526119
0.572990
0.624484
0.563445
0.529593
0.572859
0.620870
0.561011
0.513270
0.564800
0.592758
0.553293
0.507082
0.556177
0.600017
0.556839
0.515242
0.560341
0.617546
0.566099
0.537212
0.575045
0.609368
0.548918
0.493733
0.552542
0.585876
0.554555
0.496205
0.553894
0.576263
0.541127
0.477124
0.556128
0.587610
0.535207
0.458704
0.524904
0.536831
0.537655
0.460923
0.536905
0.554585
0.539475
0.482234
0.561010
0.604012
0.560930
0.511358
0.563650
0.595158
0.549145
0.486767
0.545365
0.560685
0.526294
0.473919
0.535968
0.560862
0.528552
0.485296
0.550747
0.604333
0.560065
0.500929
0.557740
0.602622
0.550229
0.501086
0.547743
0.586142
0.548162
0.498626
0.551066
0.605801
0.552944
0.494488
0.552256
0.585019
0.531652
0.465498
0.535129
0.576305
0.546350
0.477294
0.547874
0.575577
0.544875
0.488833
0.551437
0.588399
0.553483
0.492185
0.559085
0.595928
0.548331
0.490957
0.550307
0.605509
0.546871
0.485311
0.552025
0.623225
0.565332
0.524226
0.560828
0.612590
0.552530
0.518098
0.561577
0.613155
0.559272
0.513965
0.560155
0.599452
0.562672
0.514123
0.563702
0.608023
0.557181
0.499830
0.554869
0.588925
0.543159
0.504431
0.544734
0.613566
0.559023
0.521555
0.551923
0.598998
0.548062
0.489688
0.541919
0.578881
0.538584
0.489027
0.548377
0.590759
0.553025
0.500114
0.514214
0.537774
0.496737
0.436730
0.519383
0.514525
0.498303
0.460528
0.500311
0.522838
0.470116
0.382543
0.446116
0.473435
0.476106
0.429301
0.502380
0.523247
0.507119
0.416760
0.492262
0.533352
0.506980
0.399662
0.514407
0.549412
0.546153
0.490938
0.559262
0.604850
0.558459
0.486057
0.556671
0.595186
0.569543
0.496958
0.555662
0.578064
0.551695
0.486565
0.552867
0.567603
0.528648
0.445878
0.511253
0.533106
0.514581
0.451391
0.516813
0.558164
0.526381
0.469863
0.540064
0.584158
0.544556
0.493497
0.551603
0.587078
0.555962
0.485097
0.551962
0.583792
0.554179
0.500023
0.562299
0.601482
0.562279
0.513537
0.563151
0.604261
0.559055
0.508582
0.560398
0.599108
0.557613
0.514899
0.565483
0.626336
0.561141
0.532896
0.557780
0.584017
0.530406
0.495921
0.547437
0.582941
0.551521
0.480233
0.548603
0.576242
0.541727
0.475430
0.548859
0.565549
0.536583
0.461480
0.543046
0.570391
0.547135
0.467126
0.552618
0.588228
0.559623
0.499394
0.567917
0.611006
0.568394
