0.491319
0.419895
0.497890
0.334072
0.523595
0.426527
0.484023
0.259082
0.554090
0.394854
0.415958
0.293105
0.469913
0.414986
0.429365
0.312124
0.455564
0.420710
0.437057
0.330584
0.478357
0.444690
0.455606
0.330454
0.480846
0.431749
0.440891
0.345393
0.486013
0.463710
0.462903
0.363462
0.482983
0.448516
0.442590
0.346089
0.468721
0.424509
0.440086
0.325482
0.470051
0.428925
0.436724
0.322534
0.449638
0.405084
0.414120
0.298775
0.433151
0.404514
0.411831
0.292329
0.433188
0.388671
0.405577
0.287950
0.426657
0.400177
0.424535
0.305045
0.443590
0.412438
0.439775
0.315973
0.467201
0.437849
0.462425
0.333320
0.489633
0.476317
0.482592
0.349939
0.513553
0.487175
0.467033
0.329429
0.481221
0.476873
0.475612
0.350096
0.467541
0.439237
0.435203
0.313206
0.441759
0.402531
0.414570
0.302620
0.437458
0.398896
0.410063
0.287135
0.427765
0.385013
0.401982
0.282245
0.421311
0.361551
0.390991
0.282990
0.437240
0.418266
0.441751
0.330884
0.490479
0.466081
0.474757
0.336542
0.480209
0.447365
0.452922
0.306282
0.445218
0.389197
0.412809
0.315149
0.456738
0.435292
0.438764
0.334353
0.469632
0.456444
0.463596
0.366053
0.492800
0.495157
0.477620
0.367819
0.491572
0.484747
0.473020
0.377953
0.498149
0.487911
0.459310
0.372429
0.494154
0.485078
0.466371
0.374292
0.497486
0.498719
0.476943
0.378837
0.499964
0.490426
0.475169
0.375237
0.494570
0.495323
0.474590
0.372587
0.497603
0.482290
0.469214
0.373262
0.496487
0.476879
0.461454
0.346137
0.457351
0.437966
0.450179
0.352585
0.488741
0.471771
0.476130
0.359083
0.489656
0.459734
0.454305
0.338652
0.460876
0.432398
0.438608
0.321327
0.467201
0.443578
0.453397
0.335666
0.483744
0.457956
0.463842
0.347256
0.489208
0.477845
0.479946
0.355315
0.463209
0.434452
0.439154
0.332588
0.468007
0.428762
0.432776
0.318092
0.455330
0.423646
0.448041
0.322806
0.463417
0.422779
0.447584
0.318475
0.460055
0.414876
0.420357
0.300060
0.420341
0.395468
0.419942
0.298200
0.434866
0.394331
0.415797
0.300554
0.442277
0.401607
0.431766
0.319672
0.454165
0.418857
0.430351
0.328508
0.480407
0.446254
0.462326
0.332275
0.487921
0.451233
0.464209
0.332102
0.474496
0.446154
0.452547
0.328761
0.472283
0.451161
0.450790
0.331645
0.477595
0.446202
0.437598
0.338115
0.471777
0.439025
0.429311
0.330768
0.463869
0.447306
0.438056
0.336709
0.459170
0.432200
0.427469
0.322198
0.456928
0.428014
0.437455
0.321122
0.471371
0.427963
0.432441
0.309020
0.470276
0.416230
0.431646
0.309217
0.446893
0.395571
0.402008
0.287702
0.425042
0.381504
0.402731
0.271610
0.385789
0.355035
0.372564
0.275553
0.407913
0.381729
0.400516
0.303189
0.444399
0.424654
0.459250
0.326452
0.498434
0.452472
0.474924
0.340124
0.489572
0.452271
0.453391
0.332627
0.460958
0.423321
0.426908
0.314586
0.432503
0.408577
0.427281
0.324448
0.450337
0.432448
0.432851
0.325617
0.468539
0.443819
0.444097
0.344203
0.486107
0.459782
0.455136
0.354886
0.496053
0.460091
0.459418
0.356911
0.495915
0.455876
0.418706
0.330199
0.474229
0.452442
0.448920
0.339792
0.484406
0.458722
0.462375
0.366591
0.493019
0.477145
0.468878
0.376218
0.499061
0.484721
0.468765
0.365192
0.500859
0.474394
0.466477
0.376017
0.502767
0.498083
0.494985
0.374770
0.518728
0.506048
0.491042
0.388644
0.517339
0.516360
0.491431
0.393783
0.518908
0.514072
0.484998
0.376372
0.506885
0.491886
0.479926
0.366909
0.505429
0.490933
0.481392
0.379162
0.508487
0.507097
0.493171
0.401324
0.513842
0.503803
0.477865
0.362937
0.498723
0.482193
0.475762
0.370175
0.496535
0.471839
0.464748
0.353145
0.498869
0.481074
0.463535
0.338948
0.458227
0.433340
0.454290
0.348878
0.474041
0.455804
0.464252
0.363972
0.509039
0.497898
0.488219
0.378555
0.508476
0.486092
0.475287
0.357868
0.494308
0.456732
0.453766
0.351177
0.481220
0.460000
0.461012
0.366002
0.493975
0.498848
0.488558
0.375557
0.510541
0.495897
0.475301
0.369932
0.496294
0.476644
0.475354
0.376594
0.493273
0.502642
0.474821
0.377053
0.490897
0.480083
0.456144
0.344935
0.477614
0.474465
0.472057
0.355263
0.497573
0.467622
0.465350
0.368306
0.498089
0.487291
0.478352
0.369305
0.499323
0.495406
0.473337
0.370649
0.494270
0.498822
0.468095
0.368609
0.496613
0.510840
0.493545
0.399171
0.502351
0.505610
0.479136
0.395663
0.507139
0.506418
0.486444
0.379052
0.507462
0.492723
0.480903
0.394330
0.499977
0.506737
0.482124
0.372833
0.504175
0.487675
0.469616
0.379109
0.488499
0.506466
0.485087
0.398999
0.493333
0.494509
0.467381
0.369100
0.483696
0.468323
0.457363
0.376218
0.481463
0.485592
0.471984
0.386125
0.453585
0.434107
0.411363
0.327469
0.447019
0.414260
0.414586
0.350437
0.431363
0.415652
0.393151
0.279280
0.383383
0.374600
0.403952
0.318341
0.434355
0.418551
0.422954
0.313081
0.427457
0.420009
0.419907
0.299032
0.443220
0.441383
0.462014
0.376247
0.497587
0.492227
0.474309
0.370801
0.498628
0.485946
0.479910
0.374773
0.493807
0.474940
0.472362
0.370316
0.491889
0.460360
0.446727
0.336903
0.448996
0.434361
0.437179
0.339158
0.455998
0.450598
0.445503
0.359877
0.473228
0.478448
0.461301
0.377295
0.483990
0.481943
0.472606
0.369760
0.487338
0.483076
0.475579
0.376982
0.508524
0.498082
0.488065
0.384485
0.505782
0.503625
0.480891
0.383682
0.496509
0.498769
0.478118
0.390823
0.508657
0.521515
0.482992
0.398980
0.499757
0.473350
0.446489
0.374027
0.483103
0.478007
0.467414
0.361739
0.487911
0.469984
0.466402
0.359835
0.489904
0.458266
0.461941
0.343491
0.483728
0.461629
0.468217
0.352660
0.497185
0.486387
0.488965
0.378040
0.515257
0.503486
0.490702
