0.590837
0.589808
0.602910
0.518810
0.612314
0.602795
0.621024
0.449907
0.621999
0.574363
0.545981
0.496980
0.561018
0.591145
0.564686
0.504695
0.568157
0.606266
0.588758
0.517554
0.607968
0.621089
0.613822
0.532785
0.597524
0.623047
0.606851
0.553088
0.628908
0.662865
0.639935
0.562171
0.629384
0.635605
0.628405
0.537259
0.615972
0.626600
0.608811
0.528380
0.626171
0.639271
0.610949
0.511468
0.612424
0.612263
0.582534
0.492059
0.590269
0.603862
0.567398
0.496761
0.573580
0.589051
0.577444
0.481494
0.572176
0.600422
0.598222
0.506517
0.608382
0.615468
0.632102
0.503251
0.625731
0.659553
0.655473
0.527038
0.640951
0.673597
0.659775
0.575065
0.653378
0.690242
0.645786
0.558849
0.637508
0.681220
0.649060
0.567377
0.620333
0.635610
0.616630
0.512862
0.600100
0.603350
0.590353
0.502377
0.583141
0.599945
0.571996
0.500823
0.579081
0.585001
0.578805
0.478066
0.570718
0.568407
0.567824
0.479528
0.596501
0.619301
0.630602
0.545593
0.643094
0.670140
0.651899
0.555814
0.627038
0.649826
0.625721
0.524331
0.590994
0.598668
0.592684
0.523821
0.621876
0.640724
0.619761
0.536761
0.623802
0.668432
0.661350
0.566269
0.654446
0.701843
0.666667
0.588368
0.646103
0.688698
0.658985
0.604739
0.658130
0.696617
0.648164
0.597002
0.643698
0.692577
0.650230
0.607858
0.659466
0.705430
0.663667
0.599689
0.652446
0.693797
0.659986
0.602434
0.654482
0.705560
0.659774
0.586427
0.650220
0.690280
0.648150
0.598824
0.648293
0.683142
0.640845
0.571072
0.617968
0.651169
0.650271
0.551008
0.656612
0.682911
0.668969
0.563550
0.633731
0.668840
0.637189
0.547825
0.614633
0.630715
0.620786
0.530124
0.614499
0.650859
0.637161
0.547386
0.634696
0.662471
0.647766
0.567172
0.648724
0.690964
0.670697
0.563763
0.633981
0.647042
0.641505
0.524405
0.631166
0.638679
0.629992
0.502630
0.623020
0.644546
0.651850
0.507855
0.630126
0.642146
0.651603
0.502532
0.621533
0.630508
0.616458
0.491981
0.584173
0.605146
0.621911
0.482671
0.600382
0.619240
0.622523
0.481217
0.612826
0.621282
0.635728
0.511011
0.624022
0.636296
0.632786
0.520737
0.637808
0.659785
0.646065
0.534904
0.628766
0.661081
0.643430
0.546678
0.630100
0.667835
0.635638
0.544755
0.619427
0.670694
0.622920
0.567873
0.631770
0.664654
0.608900
0.556023
0.631194
0.656963
0.611891
0.548301
0.632163
0.661102
0.619321
0.560625
0.630945
0.649806
0.609899
0.536377
0.617644
0.636435
0.619357
0.536558
0.616284
0.641873
0.601337
0.537786
0.619879
0.620397
0.601845
0.534383
0.597647
0.602765
0.583041
0.510760
0.589233
0.599209
0.578942
0.476488
0.552588
0.576300
0.554411
0.478102
0.577610
0.601013
0.581219
0.513803
0.613941
0.649528
0.627955
0.546645
0.647544
0.700923
0.624277
0.567474
0.653219
0.687270
0.616283
0.559718
0.633176
0.661552
0.587666
0.529239
0.600996
0.623446
0.590168
0.550702
0.617291
0.650970
0.591431
0.556517
0.630439
0.666294
0.600961
0.580396
0.640645
0.676335
0.622370
0.586345
0.646577
0.680638
0.623608
0.601826
0.650928
0.674781
0.590184
0.564503
0.644016
0.667433
0.631176
0.573943
0.649047
0.682287
0.638025
0.604097
0.652169
0.692308
0.647756
0.613566
0.661812
0.705437
0.648837
0.612740
0.662005
0.705764
0.640884
0.611844
0.666716
0.717032
0.680986
0.610903
0.672559
0.720050
0.674201
0.637847
0.675079
0.730082
0.673631
0.634834
0.673158
0.723353
0.669268
0.624405
0.665002
0.697844
0.661421
0.612792
0.658299
0.703556
0.666624
0.621676
0.665791
0.718794
0.674697
0.643965
0.681710
0.700594
0.662485
0.600886
0.647838
0.697185
0.663726
0.598832
0.652658
0.680737
0.649140
0.583956
0.655414
0.700055
0.641797
0.569822
0.630669
0.656321
0.657502
0.553929
0.644596
0.668270
0.656172
0.580772
0.667342
0.711032
0.669287
0.618921
0.662355
0.693279
0.648211
0.603880
0.637610
0.664836
0.635960
0.571286
0.634901
0.670768
0.641110
0.588313
0.653503
0.710271
0.672562
0.601667
0.656843
0.710499
0.663161
0.607569
0.656083
0.691865
0.662002
0.597507
0.660959
0.715979
0.660270
0.600447
0.651962
0.690562
0.642257
0.571357
0.640927
0.683947
0.665312
0.577121
0.649334
0.685971
0.654025
0.592090
0.653325
0.699565
0.659971
0.602940
0.662552
0.703883
0.660654
0.597762
0.658945
0.715354
0.665227
0.590165
0.664702
0.731165
0.677864
0.629155
0.666892
0.715630
0.666987
0.625711
0.666526
0.717679
0.667167
0.620227
0.664592
0.706920
0.677185
0.619481
0.663990
0.707012
0.654049
0.614164
0.646893
0.690696
0.647708
0.620266
0.650883
0.719207
0.669712
0.627898
0.659756
0.705498
0.651461
0.600566
0.648360
0.691734
0.653207
0.591854
0.654442
0.707956
0.671036
0.600789
0.627693
0.657101
0.619471
0.535908
0.633304
0.634783
0.616867
0.558242
0.605123
0.626398
0.575906
0.486128
0.554524
0.584302
0.598807
0.521373
0.617945
0.639039
0.634293
0.507268
0.616450
0.649785
0.638435
0.486088
0.627431
0.661619
0.666418
0.585611
0.662315
0.713810
0.669546
0.588224
0.665235
0.702398
0.686825
0.595108
0.653834
0.682863
0.660494
0.594060
0.653604
0.676446
0.636741
0.551670
0.621563
0.652781
0.640341
0.540453
0.634201
0.668535
0.644222
0.570211
0.649690
0.698898
0.664301
0.593443
0.660957
0.695843
0.664219
0.592792
0.651956
0.689706
0.665717
0.609698
0.664044
0.706340
0.673166
0.614834
0.665753
0.713862
0.658753
0.624087
0.662435
0.710062
0.667375
0.622174
0.669041
0.735824
0.669937
0.640785
0.665254
0.695114
0.646189
0.600744
0.655923
0.693958
0.658342
0.584102
0.650978
0.689751
0.652473
0.576994
0.647430
0.672820
0.653151
0.568141
0.642843
0.680779
0.663750
0.566823
0.655284
0.704622
0.668952
0.604271
0.671670
0.718492
0.676486
