0.674606
0.684285
0.703516
0.611391
0.710368
0.707021
0.740474
0.520331
0.710242
0.677620
0.674814
0.574315
0.665446
0.686477
0.680354
0.588631
0.674471
0.701553
0.712122
0.597699
0.718523
0.729977
0.713883
0.624281
0.698359
0.726578
0.736669
0.632564
0.727909
0.757957
0.745295
0.658703
0.737614
0.731864
0.725751
0.632798
0.720550
0.728363
0.724721
0.610138
0.727242
0.734348
0.724000
0.612051
0.717211
0.710861
0.703431
0.577444
0.699938
0.705965
0.685054
0.584488
0.682357
0.708478
0.685207
0.574001
0.696446
0.724608
0.710619
0.589631
0.729697
0.731060
0.746351
0.586684
0.738011
0.768967
0.759911
0.625385
0.744716
0.778419
0.757059
0.675133
0.754962
0.797163
0.750538
0.660225
0.747514
0.789172
0.757825
0.658261
0.741841
0.740142
0.733229
0.604372
0.727438
0.720688
0.710451
0.581961
0.700852
0.696025
0.703839
0.588330
0.690927
0.703190
0.692471
0.574533
0.689820
0.690175
0.701018
0.570610
0.715058
0.743628
0.749625
0.626111
0.752443
0.776659
0.754497
0.647376
0.735695
0.749718
0.742306
0.622118
0.714992
0.703072
0.719337
0.613282
0.730827
0.753517
0.737713
0.629895
0.740730
0.772799
0.779212
0.653991
0.762993
0.806059
0.778397
0.670927
0.751821
0.786808
0.758739
0.706481
0.759505
0.800863
0.761642
0.690484
0.751985
0.787577
0.759379
0.711399
0.770128
0.806149
0.769071
0.690381
0.763766
0.794408
0.773259
0.698885
0.757773
0.810633
0.765051
0.691439
0.759324
0.795925
0.757928
0.692089
0.757707
0.788196
0.751410
0.671580
0.741105
0.760573
0.767551
0.648276
0.761664
0.797201
0.771967
0.668366
0.747041
0.767914
0.754189
0.642406
0.727575
0.730147
0.750004
0.624512
0.736891
0.761310
0.749094
0.638771
0.744520
0.771779
0.756962
0.669634
0.758769
0.794980
0.777993
0.659051
0.740839
0.759552
0.761397
0.620509
0.748134
0.746496
0.749620
0.593952
0.742181
0.765706
0.771198
0.582842
0.742247
0.760793
0.753793
0.599089
0.745022
0.745042
0.754155
0.568324
0.706812
0.739493
0.752511
0.559699
0.729902
0.740038
0.753391
0.562772
0.736714
0.742908
0.756211
0.601025
0.743371
0.747326
0.741470
0.618455
0.745926
0.768919
0.770483
0.620067
0.740348
0.769267
0.745768
0.651898
0.742522
0.772815
0.748041
0.642345
0.738784
0.770709
0.738551
0.665359
0.738707
0.767394
0.729946
0.658091
0.745420
0.757514
0.730198
0.653685
0.745060
0.769878
0.747055
0.652515
0.752033
0.764010
0.744999
0.616098
0.725605
0.756609
0.738817
0.623514
0.736780
0.748363
0.726244
0.635219
0.737949
0.726685
0.726361
0.619434
0.722186
0.713887
0.699656
0.609808
0.708468
0.717344
0.700291
0.575303
0.685882
0.687510
0.691725
0.570879
0.706794
0.701894
0.713463
0.607801
0.717356
0.744434
0.745513
0.649287
0.746815
0.777998
0.732089
0.681878
0.751348
0.779100
0.739296
0.651691
0.732260
0.765099
0.703970
0.636596
0.711369
0.729925
0.722248
0.642435
0.734131
0.748517
0.716319
0.653292
0.737732
0.758995
0.711444
0.694723
0.746929
0.775980
0.735242
0.692222
0.749240
0.783099
0.735191
0.701755
0.754287
0.779345
0.710168
0.676323
0.760534
0.773613
0.755370
0.658774
0.756171
0.774185
0.754674
0.706213
0.761000
0.791747
0.769667
0.705646
0.767102
0.798276
0.757061
0.715899
0.763491
0.795135
0.749279
0.722600
0.764490
0.807923
0.792707
0.714704
0.778019
0.813880
0.791434
0.729187
0.779046
0.820883
0.781881
0.732232
0.779107
0.813450
0.781036
0.719856
0.770534
0.796849
0.772280
0.712390
0.767942
0.799623
0.778122
0.719581
0.775237
0.813155
0.784793
0.742071
0.776225
0.796948
0.763165
0.709629
0.761473
0.798736
0.769247
0.693992
0.759322
0.786461
0.764151
0.688634
0.770813
0.800183
0.766165
0.662848
0.746799
0.774973
0.774659
0.644111
0.756241
0.781967
0.773051
0.671383
0.773230
0.813578
0.775173
0.719373
0.766445
0.793611
0.766711
0.694559
0.748485
0.770658
0.746790
0.673413
0.748009
0.778308
0.772694
0.669823
0.763472
0.806090
0.781177
0.703174
0.765142
0.810044
0.765081
0.707372
0.760904
0.796094
0.773799
0.695744
0.767663
0.813069
0.781476
0.691426
0.762445
0.796265
0.741278
0.672563
0.752346
0.785456
0.774236
0.676360
0.752696
0.794736
0.771290
0.684964
0.764741
0.786286
0.773328
0.704591
0.769404
0.806880
0.778502
0.690044
0.772949
0.815874
0.781671
0.686520
0.777112
0.822230
0.786476
0.726068
0.774528
0.803475
0.776676
0.728214
0.771758
0.811105
0.775179
0.721752
0.773020
0.809506
0.790745
0.709907
0.771913
0.805433
0.766546
0.707809
0.755730
0.794690
0.756697
0.723808
0.762143
0.813634
0.775484
0.728743
0.772210
0.797622
0.761373
0.702566
0.763006
0.791733
0.772958
0.688899
0.766541
0.811594
0.771079
0.701738
0.746602
0.771180
0.743621
0.636487
0.760657
0.753718
0.731735
0.659870
0.726245
0.735059
0.697274
0.597425
0.687004
0.706180
0.744381
0.611947
0.749678
0.762334
0.768244
0.591934
0.741681
0.786691
0.766227
0.581892
0.749864
0.783372
0.780185
0.677077
0.776908
0.818563
0.769027
0.691462
0.772820
0.822083
0.787700
0.686848
0.764929
0.792912
0.775865
0.692050
0.768079
0.783580
0.743715
0.655931
0.754590
0.760064
0.773102
0.630680
0.759509
0.784637
0.776473
0.653023
0.764178
0.807753
0.773549
0.693658
0.774010
0.802938
0.778627
0.686224
0.764610
0.795408
0.779911
0.705132
0.776520
0.806020
0.775343
0.726883
0.769076
0.805414
0.770718
0.730950
0.766894
0.809724
0.779068
0.727026
0.778749
0.825997
0.785654
0.737820
0.777965
0.806655
0.757388
0.703765
0.773363
0.800663
0.771498
0.675567
0.757454
0.796987
0.763077
0.676080
0.757879
0.787723
0.771514
0.663086
0.752644
0.797648
0.780120
0.664971
0.769628
0.814819
0.785364
0.697528
0.779619
0.825687
0.782905
