0.151901
0.142629
0.176764
0.114814
0.180441
0.158278
0.180017
0.112682
0.201126
0.176457
0.214265
0.133402
0.217373
0.197878
0.224129
0.132707
0.224442
0.196540
0.229919
0.139921
0.236070
0.210015
0.258223
0.155552
0.259438
0.219134
0.259939
0.146487
0.238473
0.216203
0.253447
0.157212
0.262195
0.226944
0.258675
0.146666
0.229376
0.205161
0.247623
0.146997
0.238430
0.192641
0.219048
0.136532
0.225430
0.192911
0.223636
0.127919
0.213139
0.188949
0.207153
0.123267
0.200430
0.183893
0.210356
0.126768
0.196351
0.165761
0.185607
0.103687
0.181167
0.173596
0.218341
0.124725
0.195964
0.173906
0.209411
0.128856
0.204165
0.177214
0.181099
0.121225
0.170999
0.163187
0.185980
0.115194
0.177747
0.170718
0.172253
0.113076
0.173237
0.165313
0.178556
0.106938
0.171048
0.157651
0.216555
0.129674
0.199053
0.166850
0.185755
0.119507
0.191229
0.197358
0.243350
0.134184
0.194055
0.184680
0.216871
0.138040
0.217066
0.199467
0.233245
0.134244
0.204913
0.186241
0.222243
0.140418
0.215441
0.184583
0.210610
0.125257
0.212485
0.203380
0.246418
0.137140
0.217767
0.200380
0.240736
0.140353
0.216361
0.188627
0.218491
0.132414
0.196410
0.171444
0.208050
0.127847
0.210853
0.194488
0.220042
0.123987
0.208236
0.197974
0.229295
0.136735
0.222050
0.205232
0.229131
0.010789
0.508957
0.479580
0.546418
0.292369
0.479139
0.446327
0.488169
0.329652
0.474786
0.448068
0.485762
0.332484
0.479440
0.448216
0.494286
0.342735
0.486465
0.453573
0.496926
0.341259
0.483756
0.445334
0.481144
0.334103
0.466452
0.447473
0.491703
0.362337
0.504368
0.466416
0.498806
0.342485
0.468782
0.448635
0.492126
0.355496
0.492153
0.452013
0.501389
0.361516
0.484258
0.458046
0.495637
0.355100
0.487109
0.436970
0.489015
0.362407
0.477768
0.462642
0.483576
0.340387
0.453228
0.446588
0.502094
0.366262
0.491405
0.461849
0.505698
0.377260
0.499012
0.474966
0.515621
0.388538
0.523804
0.487033
0.518751
0.391037
0.506069
0.479479
0.509527
0.397144
0.516977
0.478435
0.523283
0.395925
0.504492
0.470569
0.509256
0.397837
0.525276
0.494867
0.520347
0.400280
0.503416
0.492768
0.517423
0.413229
0.519208
0.499160
0.525039
0.405334
0.521576
0.504563
0.532436
0.409676
0.531127
0.505031
0.533240
