0.428206
0.397361
0.481984
0.210392
0.494998
0.434386
0.487311
0.156271
0.503042
0.463567
0.567397
0.211573
0.534955
0.500958
0.583462
0.206596
0.538395
0.492247
0.597532
0.214883
0.550055
0.505922
0.631689
0.226619
0.582639
0.515859
0.642579
0.217750
0.555532
0.518645
0.626368
0.233445
0.604278
0.542875
0.631324
0.219371
0.536194
0.505126
0.637770
0.221866
0.567861
0.473202
0.577553
0.215020
0.562159
0.477600
0.592968
0.197726
0.524502
0.471430
0.558047
0.207877
0.508979
0.455273
0.571500
0.210777
0.496313
0.427424
0.522746
0.185528
0.472088
0.444405
0.573949
0.209032
0.496168
0.442085
0.567687
0.218374
0.510916
0.443296
0.498860
0.211302
0.443574
0.418092
0.517367
0.201849
0.459354
0.429649
0.488321
0.200901
0.457580
0.424290
0.500098
0.193608
0.448070
0.412041
0.563632
0.221911
0.502570
0.428717
0.506205
0.210161
0.486593
0.474677
0.608069
0.215589
0.476692
0.456941
0.557986
0.232657
0.527229
0.485921
0.590381
0.217667
0.497923
0.465439
0.576038
0.226049
0.514787
0.457742
0.558121
0.206432
0.509757
0.496391
0.617203
0.218053
0.516936
0.491473
0.611611
0.222590
0.504074
0.473658
0.572273
0.216183
0.484083
0.443224
0.555472
0.221956
0.511876
0.487743
0.573240
0.207922
0.498453
0.491627
0.594198
0.218170
0.518683
0.496306
0.581630
0.031111
0.753718
0.757397
0.829222
0.475362
0.734524
0.735699
0.762904
0.530082
0.732104
0.731578
0.764002
0.527685
0.748217
0.733311
0.773176
0.532170
0.748531
0.735037
0.771910
0.534655
0.748326
0.727412
0.755015
0.528544
0.729991
0.731273
0.766410
0.543529
0.754479
0.748017
0.769836
0.531373
0.729666
0.735578
0.765651
0.538014
0.743194
0.731706
0.764651
0.549558
0.747280
0.739657
0.771720
0.531263
0.741109
0.718751
0.761262
0.547726
0.729922
0.738529
0.752020
0.533670
0.715849
0.719880
0.772334
0.554804
0.746882
0.734559
0.770302
0.568093
0.747703
0.743828
0.780262
0.574224
0.768426
0.752791
0.778387
0.577904
0.752286
0.747645
0.771026
0.583947
0.762460
0.735643
0.776273
0.590416
0.748205
0.737566
0.765365
0.588482
0.761983
0.751769
0.777292
0.591099
0.742389
0.752028
0.761443
0.607279
0.755452
0.751779
0.774748
0.598197
0.754081
0.753027
0.781716
0.603565
0.758944
0.751294
0.774484
