0.261212
0.242986
0.307784
0.153074
0.319197
0.269728
0.323040
0.131980
0.339171
0.297428
0.379321
0.168884
0.360792
0.322503
0.390911
0.161682
0.362421
0.321089
0.396422
0.175809
0.386374
0.332468
0.433988
0.181897
0.411729
0.349448
0.437355
0.172909
0.376183
0.343581
0.425658
0.193864
0.418737
0.360613
0.432626
0.175754
0.366154
0.328092
0.428177
0.182277
0.389359
0.307623
0.380220
0.172985
0.376418
0.312654
0.390726
0.159651
0.352499
0.303991
0.362415
0.157647
0.335829
0.298728
0.366222
0.161739
0.326574
0.279408
0.327048
0.135838
0.304961
0.284757
0.379274
0.159329
0.324425
0.280691
0.368248
0.164464
0.338673
0.284444
0.316318
0.157002
0.285908
0.268380
0.324201
0.150038
0.299979
0.279670
0.304405
0.148722
0.294159
0.271888
0.313438
0.142141
0.288629
0.259872
0.370152
0.168193
0.332866
0.274075
0.328789
0.155312
0.319272
0.314596
0.406490
0.172242
0.318622
0.296564
0.370855
0.177080
0.354672
0.316658
0.395806
0.172421
0.334082
0.298600
0.379290
0.179579
0.352245
0.296780
0.363389
0.161516
0.349033
0.323972
0.419923
0.173881
0.356223
0.320165
0.404502
0.178287
0.350695
0.306656
0.376375
0.169814
0.322230
0.282711
0.361730
0.166060
0.347650
0.313530
0.377862
0.161808
0.339460
0.318101
0.395691
0.172619
0.356468
0.325903
0.388711
0.018745
0.643002
0.632501
0.702952
0.367093
0.612083
0.590139
0.642269
0.419874
0.609971
0.590096
0.635288
0.419219
0.619339
0.589621
0.643487
0.428354
0.622816
0.595390
0.646195
0.428076
0.616628
0.587677
0.629707
0.423037
0.601911
0.587685
0.638769
0.442975
0.637700
0.603268
0.642615
0.431921
0.602990
0.590129
0.646164
0.433386
0.617942
0.590429
0.648051
0.443477
0.615758
0.599869
0.637980
0.435730
0.615094
0.573683
0.633414
0.446584
0.604428
0.600808
0.626773
0.425189
0.580630
0.586585
0.642836
0.457758
0.622224
0.605536
0.648678
0.457569
0.625048
0.609062
0.656758
0.471938
0.649935
0.622227
0.657529
0.473447
0.629379
0.611261
0.645732
0.481977
0.639845
0.606826
0.660181
0.481772
0.626085
0.604483
0.639824
0.492683
0.642902
0.629574
0.657541
0.483675
0.621753
0.622464
0.649693
0.506715
0.636861
0.629171
0.658538
0.491310
0.636888
0.629774
0.663977
0.501371
0.643287
0.632703
0.658878
