0.103739
0.096603
0.112480
0.089191
0.116487
0.105994
0.114956
0.089807
0.129663
0.119071
0.132306
0.105160
0.137489
0.132983
0.137877
0.104867
0.144135
0.133462
0.143336
0.111610
0.152689
0.143203
0.166280
0.128079
0.173122
0.154826
0.166403
0.120316
0.156302
0.150357
0.161314
0.128033
0.171534
0.155284
0.163458
0.118242
0.148807
0.140913
0.156132
0.117287
0.155079
0.132186
0.137636
0.108701
0.145443
0.131229
0.140008
0.102916
0.135235
0.126727
0.128379
0.098129
0.129385
0.120749
0.133231
0.099905
0.127798
0.113053
0.116342
0.080934
0.116047
0.112808
0.138063
0.098621
0.128679
0.119881
0.133120
0.101275
0.133487
0.119978
0.113815
0.095498
0.111827
0.108443
0.120164
0.090198
0.114641
0.111600
0.110783
0.088190
0.112707
0.108378
0.112946
0.082471
0.110596
0.102250
0.138228
0.101236
0.128882
0.113842
0.116507
0.093735
0.124322
0.129497
0.154369
0.105876
0.128726
0.127382
0.139126
0.109166
0.141289
0.136649
0.149012
0.105200
0.133908
0.128169
0.141071
0.110117
0.139716
0.125499
0.132400
0.098363
0.138653
0.137814
0.156211
0.108778
0.141667
0.135033
0.151594
0.111281
0.141639
0.129788
0.137992
0.105024
0.127707
0.115102
0.128417
0.099910
0.135919
0.130365
0.137344
0.096989
0.135421
0.134544
0.144098
0.108431
0.145878
0.140266
0.145253
0.006404
0.392777
0.352814
0.403224
0.228811
0.380089
0.334349
0.367371
0.246754
0.375516
0.335317
0.366500
0.251959
0.378263
0.331841
0.371421
0.262117
0.385081
0.337272
0.375909
0.260125
0.381223
0.330982
0.363612
0.252968
0.367019
0.333420
0.372703
0.270820
0.400222
0.350466
0.377881
0.261809
0.370305
0.335829
0.368615
0.267335
0.388572
0.341100
0.380759
0.272679
0.383682
0.343614
0.372384
0.268235
0.386053
0.326939
0.369962
0.271990
0.378419
0.347350
0.363943
0.253279
0.353014
0.332411
0.378615
0.277905
0.388806
0.349131
0.383621
0.284651
0.399549
0.360456
0.396188
0.296141
0.424727
0.371308
0.400118
0.297255
0.411965
0.367724
0.395075
0.300576
0.421902
0.366102
0.408918
0.301607
0.410758
0.360157
0.393425
0.303519
0.429579
0.384182
0.408591
0.303860
0.411194
0.383201
0.406512
0.316508
0.427933
0.387596
0.412969
0.308645
0.430582
0.394232
0.422456
0.312012
0.443673
0.396247
0.423852
