0.612842
0.574793
0.653595
0.494907
0.653712
0.612466
0.665417
0.402440
0.636122
0.605357
0.640625
0.457355
0.621628
0.624715
0.646338
0.462964
0.626278
0.640616
0.639969
0.478131
0.619960
0.647704
0.662065
0.462805
0.597511
0.622340
0.617511
0.461857
0.624616
0.644293
0.676970
0.503668
0.640722
0.641218
0.629730
0.510126
0.633681
0.667732
0.656318
0.542005
0.657700
0.675771
0.670963
0.567752
0.656501
0.672031
0.655565
0.558447
0.662511
0.690223
0.680924
0.565374
0.666799
0.687972
0.675946
0.559036
0.661680
0.696344
0.689877
0.546879
0.674506
0.695220
0.690280
0.537046
0.679540
0.699901
0.685396
0.537526
0.665881
0.687308
0.695028
0.542483
0.660478
0.675040
0.660705
0.513188
0.653963
0.658383
0.670406
0.486916
0.639305
0.644004
0.655900
0.479499
0.629725
0.643529
0.650153
0.488633
0.634763
0.653177
0.672869
0.481882
0.636595
0.655816
0.641427
0.484560
0.638040
0.648281
0.651085
0.503979
0.625238
0.644056
0.643381
0.521852
0.624375
0.634212
0.637924
0.510440
0.612238
0.651836
0.647189
0.539252
0.655146
0.676912
0.683114
0.545170
0.667368
0.667495
0.657903
0.511559
0.615272
0.604708
0.620981
0.418692
0.581278
0.578531
0.622878
0.381196
0.537879
0.539590
0.581184
0.373508
0.556823
0.516268
0.542780
0.304439
0.453326
0.474218
0.344492
0.298093
0.389506
0.445750
0.471823
0.278322
0.460305
0.415677
0.496288
0.316793
0.400963
0.433087
0.476184
0.283202
0.383714
0.506780
0.594769
0.459015
0.643515
0.686877
0.716152
0.494328
0.643188
0.678244
0.641492
0.473511
0.557221
0.567617
0.594115
0.502231
0.653390
0.704513
0.681154
0.510275
0.613449
0.563109
0.558358
0.439021
0.512635
0.513771
0.526323
0.413144
0.524501
0.585596
0.630369
0.418882
0.545414
0.511502
0.482267
0.336770
0.485698
0.417655
0.467919
0.354622
0.459841
0.426206
0.531237
0.386581
0.537488
0.546753
0.586934
0.415790
0.568819
0.605327
0.616123
0.489079
0.669795
0.687908
0.705614
0.508960
0.681408
0.689366
0.695817
0.541295
0.675958
0.693394
0.674646
0.560258
0.664151
0.686918
0.690859
0.552410
0.676321
0.706197
0.686497
0.574250
0.684776
0.712097
0.698074
0.579858
0.679115
0.708756
0.679401
0.565285
0.682152
0.707977
0.681471
0.557736
0.663619
0.685071
0.667843
0.545897
0.651911
0.655258
0.652704
0.489442
0.621483
0.624298
0.598310
0.444839
0.577847
0.556083
0.579357
0.474030
0.562116
0.601679
0.566507
0.400002
0.538014
0.530540
0.555744
0.436767
0.510339
0.526026
0.551083
0.373330
0.466509
0.521786
0.609802
0.494317
0.627571
0.658630
0.649084
0.545036
0.667233
0.693303
0.680974
0.570554
0.670924
0.700351
0.690994
0.579766
0.665008
0.695955
0.674623
0.573006
0.652417
0.680665
0.673909
0.584847
0.668597
0.686373
0.668747
0.531246
0.636079
0.653469
0.670438
0.486983
0.646920
0.646557
0.666170
0.469088
0.623985
0.610948
0.629786
0.439902
0.596009
0.589330
0.631039
0.472000
0.614369
0.621974
0.623269
0.481052
0.622469
0.620067
0.619786
0.467236
0.622981
0.638135
0.650413
0.497633
0.642310
0.652210
0.665243
0.521407
0.661337
0.675485
0.673532
0.516696
0.651875
0.675434
0.673130
0.527779
0.671965
0.685492
0.683236
0.530997
0.667962
0.690695
0.696069
0.517247
0.679626
0.700274
0.684642
0.548087
0.651943
0.662139
0.652716
0.524401
0.628052
0.647567
0.678116
0.509320
0.650601
0.637998
0.609233
0.443756
0.574801
0.622871
0.590530
0.423802
0.534201
0.592167
0.635826
0.477104
0.632228
0.650109
0.639183
0.448426
0.548094
0.561772
0.538491
0.486704
0.615988
0.623536
0.637802
0.501958
0.643570
0.678218
0.668794
0.527027
0.653808
0.660823
0.667957
0.536817
0.647004
0.665304
0.667373
0.523211
0.649975
0.666354
0.669870
0.548447
0.669189
0.695121
0.671079
0.577892
0.664584
0.681611
0.674954
0.561459
0.662046
0.681714
0.669734
0.562506
0.675499
0.688333
0.672016
0.576301
0.663855
0.679282
0.673336
0.563774
0.673136
0.679562
0.676243
0.554133
0.683256
0.695769
0.686487
0.550619
0.663779
0.687257
0.684763
0.549165
0.670067
0.674308
0.668501
0.546089
0.661769
0.691234
0.678972
0.553101
0.670518
0.686180
0.678161
0.546411
0.671538
0.680929
0.691488
0.528370
0.667300
0.683288
0.690058
0.507754
0.659945
0.687074
0.694107
0.500338
0.670574
0.687805
0.681025
0.492112
0.651871
0.665557
0.668359
0.524960
0.660172
0.686224
0.677137
0.502677
0.657275
0.673751
0.690922
0.506580
0.659347
0.674053
0.684815
0.511887
0.661631
0.666103
0.652811
0.516182
0.623996
0.651486
0.661726
0.514983
0.627364
0.643101
0.633347
0.524514
0.629643
0.652764
0.645352
0.544173
0.651347
0.691596
0.679612
0.547239
0.675061
0.694684
0.679744
0.536682
0.669453
0.698806
0.687949
0.546777
0.654942
0.680524
0.676579
0.535949
0.645503
0.684453
0.673540
0.541391
0.654793
0.691839
0.693734
0.547888
0.670553
0.695984
0.689149
0.538443
0.660738
0.704644
0.684638
0.553886
0.658461
0.675694
0.676082
0.547373
0.647797
0.681754
0.685040
0.543591
0.662315
0.680030
0.671419
0.519119
0.652647
0.671348
0.670120
0.514991
0.645088
0.674464
0.676401
0.517421
0.647758
0.664314
0.665700
0.486104
0.594649
0.597488
0.594358
0.428375
0.508817
0.524231
0.565648
0.414551
0.541781
0.571166
0.584516
0.417418
0.557075
0.511931
0.580684
0.414270
0.494710
0.551474
0.600708
0.428850
0.555189
0.607461
0.629055
0.438686
0.635148
0.608106
0.621460
0.446890
0.600020
0.616742
0.649626
0.466751
0.620829
0.610014
0.635589
0.434639
0.607280
0.607111
0.623487
0.425728
0.572224
0.533942
0.571031
0.392323
0.510243
0.514139
0.512552
0.403585
0.551664
0.540466
0.565325
0.417045
0.538676
0.528133
0.537394
0.381307
0.480783
0.493248
0.504124
