0.473147
0.401186
0.476959
0.352096
0.487647
0.413271
0.458972
0.256890
0.512509
0.399636
0.428516
0.310689
0.445046
0.405922
0.427274
0.318853
0.452790
0.416108
0.427455
0.317905
0.436240
0.411909
0.428188
0.307584
0.406112
0.382923
0.383283
0.300227
0.432226
0.416177
0.451965
0.331262
0.454599
0.414138
0.417023
0.321162
0.455574
0.431859
0.455192
0.343415
0.483916
0.459854
0.477794
0.350720
0.483079
0.451900
0.454175
0.350527
0.484794
0.467767
0.475493
0.364537
0.499012
0.467048
0.471712
0.350503
0.489529
0.465530
0.467945
0.357518
0.495861
0.465615
0.471493
0.354943
0.488464
0.467651
0.466672
0.355076
0.479784
0.467368
0.473464
0.355197
0.475726
0.441127
0.448020
0.327684
0.458502
0.413802
0.432539
0.314408
0.437690
0.402623
0.422832
0.307423
0.427336
0.397970
0.408820
0.312498
0.427271
0.408016
0.427644
0.311548
0.435425
0.412338
0.404682
0.301450
0.432807
0.412652
0.423486
0.313166
0.432405
0.423361
0.430094
0.321250
0.435046
0.404051
0.411030
0.310287
0.420059
0.417572
0.434845
0.337816
0.462451
0.445413
0.452393
0.353093
0.470052
0.442465
0.433000
0.320487
0.411918
0.368591
0.373949
0.267113
0.370680
0.338393
0.355433
0.250249
0.323630
0.310265
0.322123
0.247902
0.334035
0.300297
0.290153
0.184664
0.252242
0.258073
0.163088
0.178007
0.205286
0.235659
0.245378
0.155733
0.252475
0.214441
0.257748
0.184718
0.209733
0.226104
0.248816
0.148404
0.202746
0.271720
0.337157
0.295826
0.420969
0.432967
0.469706
0.348744
0.445442
0.436601
0.401432
0.283773
0.357045
0.340628
0.366359
0.305833
0.449208
0.467372
0.456946
0.323279
0.405903
0.342158
0.335805
0.259222
0.306701
0.292372
0.297639
0.240961
0.318631
0.344178
0.372065
0.269400
0.321064
0.273273
0.245004
0.199643
0.275248
0.212302
0.238604
0.204496
0.254928
0.222310
0.280968
0.229855
0.308638
0.300176
0.320728
0.261368
0.348101
0.355965
0.364859
0.314033
0.451016
0.437051
0.454226
0.332338
0.477946
0.442203
0.457694
0.344833
0.484906
0.453905
0.460361
0.339599
0.468640
0.444756
0.456884
0.354036
0.487665
0.468566
0.469219
0.357816
0.495496
0.479699
0.478264
0.363117
0.502159
0.465621
0.458601
0.344151
0.489690
0.465301
0.466819
0.344551
0.469797
0.445850
0.449277
0.334878
0.436158
0.413555
0.407270
0.298522
0.393643
0.370322
0.346032
0.263871
0.355981
0.312108
0.337748
0.283850
0.348672
0.355590
0.334429
0.220697
0.330077
0.302838
0.321445
0.255297
0.299284
0.294033
0.311229
0.202403
0.259532
0.298590
0.365945
0.308964
0.413842
0.415470
0.416023
0.350212
0.463290
0.458985
0.459120
0.354255
0.478330
0.465259
0.469879
0.358825
0.473527
0.468747
0.455651
0.347983
0.456548
0.449543
0.458155
0.363118
0.480732
0.459375
0.444456
0.324705
0.433751
0.402386
0.419081
0.312736
0.446227
0.393745
0.410876
0.299068
0.401922
0.360791
0.377894
0.276915
0.380326
0.352329
0.390489
0.296660
0.403767
0.381236
0.387811
0.300415
0.415119
0.377105
0.382973
0.283857
0.414751
0.387848
0.408184
0.306164
0.435738
0.409404
0.428292
0.321283
0.462308
0.426917
0.436164
0.322453
0.445659
0.425316
0.437335
0.331176
0.465340
0.437182
0.448700
0.325987
0.469502
0.431176
0.452591
0.331114
0.489374
0.452948
0.467652
0.327560
0.463553
0.417007
0.426848
0.310206
0.421102
0.398940
0.426370
0.315578
0.435130
0.379619
0.371818
0.254715
0.355501
0.365890
0.345274
0.241603
0.319161
0.340119
0.388144
0.293955
0.417585
0.398109
0.397710
0.261666
0.340006
0.321552
0.308801
0.286755
0.405051
0.380424
0.399402
0.307898
0.434718
0.431398
0.443493
0.324698
0.458375
0.413436
0.433070
0.332741
0.456469
0.428097
0.439103
0.328591
0.456464
0.431015
0.453434
0.342340
0.485788
0.465191
0.470404
0.350528
0.486121
0.457451
0.454019
0.347380
0.473636
0.450623
0.455415
0.348612
0.490841
0.465046
0.460940
0.357192
0.483434
0.450671
0.448023
0.346618
0.476349
0.441847
0.449620
0.347399
0.481926
0.454363
0.459971
0.345487
0.471865
0.440895
0.453323
0.341011
0.467059
0.441557
0.438482
0.343171
0.460408
0.451343
0.455348
0.348158
0.469683
0.442088
0.453992
0.337076
0.469092
0.444491
0.455302
0.346226
0.471706
0.436414
0.443456
0.330239
0.458386
0.432630
0.439469
0.333402
0.462993
0.437125
0.437160
0.318005
0.448758
0.426046
0.433572
0.334802
0.470666
0.437225
0.436030
0.327356
0.452551
0.427965
0.441255
0.334598
0.461910
0.433428
0.442219
0.335062
0.459929
0.441426
0.421085
0.327885
0.430439
0.422061
0.434527
0.323761
0.437023
0.411418
0.409864
0.325345
0.432389
0.422174
0.426004
0.341998
0.457116
0.447841
0.448044
0.354068
0.467747
0.453158
0.441811
0.351867
0.468522
0.454489
0.458276
0.352591
0.463277
0.432267
0.432296
0.342902
0.443971
0.435110
0.440995
0.343391
0.452416
0.440485
0.458789
0.366394
0.467827
0.445074
0.439885
0.359176
0.465270
0.457740
0.454570
0.355223
0.467119
0.445376
0.439766
0.343725
0.461197
0.441435
0.449527
0.340201
0.460790
0.436688
0.437551
0.328298
0.460719
0.426580
0.442471
0.319853
0.455223
0.427515
0.445887
0.322277
0.452688
0.423766
0.430303
0.294762
0.379814
0.343405
0.351384
0.246152
0.301495
0.286482
0.307853
0.242386
0.324692
0.317914
0.328780
0.239069
0.336120
0.274832
0.319512
0.239519
0.284104
0.306721
0.339925
0.253248
0.327025
0.341383
0.353312
0.270352
0.406291
0.361603
0.371950
0.271223
0.394717
0.366210
0.392014
0.285913
0.401965
0.357487
0.388305
0.257110
0.382587
0.358260
0.372411
0.247594
0.349637
0.297403
0.320650
0.226639
0.303807
0.277029
0.277919
0.234168
0.333649
0.303152
0.324987
0.237764
0.322455
0.287641
0.300385
0.211212
0.270862
0.263383
0.263640
