0.536348
0.461845
0.542848
0.418537
0.547936
0.493520
0.542712
0.339482
0.547285
0.491120
0.504015
0.389676
0.507295
0.508930
0.515014
0.388343
0.525668
0.515587
0.518325
0.393272
0.513405
0.517230
0.529688
0.380315
0.489997
0.490650
0.484022
0.372902
0.513193
0.521763
0.549639
0.411358
0.532768
0.518129
0.507790
0.408869
0.532079
0.540307
0.537150
0.434786
0.546131
0.567718
0.559962
0.450768
0.547030
0.556126
0.534670
0.448530
0.555359
0.572864
0.564722
0.459901
0.566169
0.578488
0.564759
0.439435
0.558272
0.569839
0.560489
0.454016
0.568839
0.573546
0.566930
0.440376
0.567767
0.578469
0.561940
0.440270
0.558194
0.567453
0.573516
0.437970
0.550989
0.552176
0.535381
0.414578
0.536826
0.526185
0.529986
0.398160
0.518651
0.513561
0.523585
0.385401
0.507248
0.509438
0.511714
0.396477
0.516747
0.519089
0.533107
0.393049
0.519629
0.520134
0.505459
0.383865
0.516737
0.519803
0.520131
0.403544
0.508715
0.523049
0.514296
0.417434
0.504323
0.506176
0.502497
0.412750
0.493024
0.519074
0.521303
0.438842
0.535558
0.552652
0.550209
0.449126
0.546574
0.544021
0.532953
0.410129
0.497255
0.473097
0.476417
0.341939
0.452962
0.448489
0.472772
0.312748
0.407861
0.408450
0.430750
0.306909
0.424499
0.398554
0.391404
0.235604
0.330043
0.341339
0.227174
0.232704
0.278304
0.323481
0.339708
0.208305
0.336496
0.297558
0.358539
0.243322
0.282051
0.314964
0.345725
0.204210
0.273874
0.373292
0.453421
0.370933
0.519042
0.557646
0.579985
0.421351
0.534562
0.549885
0.506857
0.371687
0.439990
0.443446
0.463727
0.396174
0.529300
0.584561
0.557140
0.409473
0.490467
0.438198
0.428950
0.340369
0.386394
0.385026
0.392402
0.321316
0.397250
0.449413
0.489451
0.337870
0.417108
0.370768
0.339712
0.261014
0.358633
0.290929
0.331962
0.272265
0.334801
0.303616
0.386395
0.299921
0.403167
0.403780
0.431582
0.337294
0.437941
0.471665
0.474727
0.397346
0.544885
0.556790
0.570589
0.416053
0.564873
0.558374
0.565714
0.437683
0.568507
0.563711
0.553404
0.444358
0.551381
0.560134
0.562386
0.449717
0.568249
0.583349
0.565936
0.459809
0.577038
0.590707
0.571336
0.469259
0.570148
0.589427
0.556265
0.447894
0.568808
0.580870
0.556597
0.449037
0.550397
0.551223
0.547429
0.436393
0.524888
0.525097
0.513676
0.388097
0.490843
0.488225
0.450890
0.348525
0.448195
0.418465
0.440116
0.372441
0.435802
0.464513
0.432216
0.301878
0.411538
0.402610
0.416033
0.341837
0.382567
0.395134
0.410937
0.281250
0.339400
0.399288
0.469829
0.398994
0.498437
0.531363
0.519397
0.442621
0.546721
0.570532
0.558903
0.457212
0.553999
0.577526
0.565333
0.463585
0.547692
0.578377
0.544638
0.458636
0.534514
0.557727
0.551408
0.471044
0.554419
0.571718
0.544004
0.419243
0.522628
0.518813
0.533315
0.393949
0.537642
0.508824
0.517261
0.379303
0.502676
0.471289
0.488588
0.353468
0.470977
0.464294
0.492564
0.380279
0.493380
0.491862
0.488009
0.388990
0.500673
0.492835
0.482832
0.371514
0.504340
0.505177
0.514144
0.397121
0.524684
0.526995
0.533225
0.414787
0.551382
0.547165
0.546480
0.406732
0.535176
0.544225
0.546975
0.424448
0.558418
0.556418
0.555266
0.419530
0.561877
0.550728
0.563982
0.417498
0.570788
0.569403
0.564921
0.432689
0.544278
0.528731
0.530784
0.408646
0.505724
0.518518
0.532516
0.409993
0.529883
0.499366
0.478420
0.336876
0.448973
0.483596
0.448871
0.325205
0.405851
0.453809
0.499109
0.377032
0.509296
0.517907
0.503520
0.345059
0.427378
0.427153
0.400623
0.381388
0.487652
0.493639
0.503618
0.398730
0.524107
0.548023
0.540271
0.421304
0.543594
0.528344
0.533594
0.430651
0.536494
0.540727
0.545196
0.419819
0.539789
0.541656
0.549083
0.441940
0.565262
0.578450
0.559826
0.456001
0.561434
0.567679
0.552714
0.445738
0.551990
0.561698
0.552880
0.450651
0.565943
0.574706
0.552360
0.464170
0.559387
0.559055
0.549980
0.445119
0.562028
0.553939
0.554285
0.442200
0.568993
0.563097
0.556774
0.444856
0.549938
0.559493
0.557468
0.440236
0.548632
0.551476
0.544445
0.439024
0.547340
0.562697
0.550601
0.441456
0.554333
0.558350
0.553207
0.434797
0.555737
0.556083
0.560096
0.427948
0.556791
0.554524
0.547741
0.412520
0.548321
0.547179
0.550973
0.415605
0.552193
0.557387
0.551216
0.393133
0.533631
0.543899
0.533568
0.425558
0.550437
0.552262
0.543949
0.413573
0.542530
0.542065
0.549610
0.416718
0.544708
0.543674
0.549570
0.422020
0.543392
0.547605
0.522767
0.418578
0.510050
0.527395
0.528500
0.416811
0.513699
0.518497
0.504246
0.419731
0.512174
0.533636
0.519704
0.437439
0.537740
0.561903
0.556123
0.444597
0.553473
0.571467
0.548417
0.435991
0.553211
0.570530
0.561577
0.444157
0.537524
0.552866
0.542164
0.435249
0.531456
0.549639
0.544405
0.435982
0.537454
0.559429
0.564428
0.456577
0.561488
0.554653
0.557806
0.441994
0.554555
0.574699
0.559906
0.442653
0.552796
0.556651
0.544755
0.440395
0.540878
0.554564
0.558128
0.430984
0.550490
0.554191
0.539697
0.417868
0.545017
0.544460
0.543846
0.409094
0.535058
0.542501
0.540765
0.417286
0.532712
0.538843
0.532729
0.385051
0.468508
0.455069
0.451626
0.330849
0.383811
0.390795
0.413270
0.322326
0.414084
0.427706
0.440748
0.321260
0.426359
0.378319
0.427297
0.321005
0.368146
0.413980
0.453819
0.332565
0.418786
0.463903
0.471910
0.350912
0.501325
0.479555
0.478273
0.356906
0.481685
0.485260
0.495386
0.374043
0.490752
0.470707
0.495205
0.340428
0.470620
0.470658
0.480281
0.328363
0.438368
0.400679
0.425221
0.303131
0.384761
0.374887
0.376200
0.311807
0.419453
0.403245
0.427311
0.318443
0.405264
0.387055
0.399405
0.292949
0.354496
0.362111
0.363671
