0.723113
0.705328
0.784018
0.587845
0.771876
0.759121
0.782122
0.469537
0.750243
0.737163
0.772487
0.549132
0.750349
0.758160
0.776465
0.549135
0.748500
0.760313
0.788377
0.557367
0.746644
0.786149
0.792006
0.550191
0.718242
0.747187
0.745087
0.578024
0.746038
0.764739
0.790774
0.611655
0.763477
0.763626
0.748279
0.626248
0.762895
0.783686
0.774323
0.646858
0.768277
0.795588
0.786773
0.665110
0.777259
0.787749
0.781245
0.663808
0.781533
0.802549
0.795871
0.677832
0.782815
0.797156
0.801120
0.665713
0.780331
0.806662
0.813771
0.649620
0.787878
0.805902
0.811935
0.650749
0.791161
0.822111
0.802542
0.639692
0.779474
0.809761
0.806088
0.658196
0.773130
0.803790
0.788470
0.608976
0.776771
0.788693
0.799744
0.584298
0.765476
0.789263
0.791886
0.575610
0.775035
0.776091
0.802253
0.567907
0.770273
0.776248
0.806633
0.588529
0.780048
0.789227
0.789548
0.569293
0.770311
0.765746
0.767903
0.619824
0.748503
0.767747
0.766533
0.634076
0.751261
0.768386
0.756467
0.619743
0.738523
0.767579
0.780196
0.641646
0.769987
0.802564
0.796800
0.652885
0.781017
0.790620
0.803602
0.605220
0.746272
0.736099
0.753076
0.527622
0.717561
0.721533
0.763562
0.473721
0.674350
0.695317
0.731892
0.454146
0.706214
0.690774
0.708122
0.374560
0.596268
0.618586
0.491538
0.384503
0.531447
0.599179
0.632448
0.365681
0.620849
0.555481
0.664502
0.406602
0.543614
0.571992
0.623987
0.384263
0.520654
0.649982
0.738204
0.564834
0.770279
0.812271
0.830008
0.592100
0.767084
0.794961
0.763078
0.591656
0.700050
0.705541
0.727372
0.620755
0.775026
0.819865
0.799101
0.627156
0.741166
0.697423
0.688912
0.564089
0.651440
0.657291
0.672760
0.523056
0.666344
0.726428
0.767927
0.518894
0.693869
0.657995
0.632599
0.444383
0.641165
0.576097
0.623532
0.457910
0.605111
0.568764
0.690668
0.492790
0.692338
0.681005
0.717985
0.532074
0.716968
0.736284
0.765010
0.590934
0.792863
0.811984
0.830246
0.616362
0.799479
0.817994
0.823760
0.652439
0.797190
0.812539
0.803684
0.666895
0.791414
0.813387
0.814016
0.661066
0.795217
0.813675
0.817652
0.694463
0.799570
0.827995
0.815100
0.702405
0.798883
0.824672
0.799275
0.686621
0.798572
0.822698
0.800007
0.681180
0.785538
0.810375
0.795985
0.662453
0.782610
0.789982
0.791656
0.596959
0.755964
0.764685
0.741694
0.565007
0.730992
0.701162
0.729007
0.585623
0.721919
0.740113
0.700533
0.527061
0.688137
0.686060
0.699248
0.556805
0.670921
0.671635
0.712264
0.490371
0.612495
0.678397
0.759658
0.598162
0.758393
0.784878
0.778159
0.655962
0.784203
0.808495
0.811121
0.685707
0.794939
0.819395
0.810533
0.689260
0.785921
0.812439
0.788737
0.698099
0.783100
0.801592
0.796803
0.697217
0.787828
0.813687
0.796517
0.644374
0.770082
0.787757
0.804621
0.590815
0.774986
0.779654
0.784351
0.587677
0.768744
0.755569
0.770843
0.537328
0.738083
0.734983
0.760162
0.584251
0.753007
0.759332
0.757672
0.594407
0.756212
0.763444
0.757637
0.579469
0.766590
0.763623
0.791108
0.606116
0.763192
0.792170
0.788240
0.635486
0.784522
0.802170
0.799439
0.628634
0.776453
0.800685
0.798928
0.640145
0.800340
0.809924
0.815137
0.632003
0.796914
0.810528
0.816032
0.639673
0.796196
0.824912
0.811352
0.662756
0.782740
0.778667
0.796582
0.624153
0.760675
0.784017
0.793781
0.627603
0.776776
0.775082
0.758792
0.552506
0.711763
0.758454
0.731086
0.543055
0.682804
0.738339
0.766613
0.584979
0.768228
0.778943
0.775875
0.562870
0.697125
0.702685
0.682060
0.597747
0.745548
0.757641
0.764059
0.620651
0.770788
0.804192
0.796704
0.625742
0.792731
0.774758
0.791442
0.644371
0.771035
0.785707
0.791200
0.638157
0.771199
0.793794
0.795091
0.658723
0.789115
0.802502
0.789173
0.686467
0.780994
0.795282
0.795920
0.676509
0.784058
0.798039
0.783531
0.679112
0.788934
0.804743
0.785747
0.690636
0.780163
0.799216
0.793444
0.686318
0.800717
0.799817
0.807500
0.651493
0.793389
0.810952
0.809134
0.663733
0.788813
0.805867
0.805449
0.668054
0.789587
0.806728
0.800034
0.656131
0.785419
0.812603
0.790337
0.677957
0.796448
0.804903
0.799686
0.660326
0.803274
0.802398
0.811816
0.637401
0.798236
0.811718
0.814497
0.611401
0.794467
0.800925
0.833506
0.600143
0.796943
0.818189
0.820903
0.596556
0.775352
0.805187
0.793238
0.633075
0.786997
0.815115
0.814073
0.605005
0.787924
0.805618
0.806264
0.610817
0.780235
0.800084
0.800833
0.632498
0.790284
0.799561
0.781081
0.629566
0.756748
0.781844
0.787919
0.628247
0.757864
0.781690
0.766061
0.633099
0.758712
0.779979
0.768107
0.664014
0.781889
0.808116
0.804153
0.653808
0.799746
0.814321
0.797483
0.648245
0.792183
0.811386
0.811423
0.657519
0.776621
0.803145
0.794166
0.651138
0.763512
0.797205
0.800186
0.658562
0.778380
0.807763
0.809809
0.669143
0.784039
0.805145
0.810977
0.659308
0.782979
0.813868
0.803107
0.669708
0.782412
0.798138
0.788212
0.669979
0.769694
0.798550
0.810217
0.657537
0.781537
0.799879
0.792205
0.636237
0.783373
0.792105
0.796667
0.627937
0.775774
0.784490
0.799919
0.638339
0.778310
0.792545
0.802582
0.604463
0.747104
0.737337
0.748578
0.544698
0.670753
0.681372
0.717740
0.518274
0.694798
0.711362
0.738767
0.528558
0.709606
0.654137
0.732032
0.526544
0.653033
0.692370
0.745098
0.533238
0.710231
0.748378
0.768747
0.543709
0.775401
0.745750
0.769035
0.549901
0.751218
0.749304
0.777100
0.584189
0.764734
0.755588
0.774206
0.541624
0.752979
0.748570
0.747766
0.547620
0.723523
0.679127
0.730286
0.497105
0.662968
0.667281
0.666390
0.518957
0.705982
0.682009
0.726141
0.519572
0.700257
0.669707
0.692972
0.499272
0.651101
0.643594
0.666419
