0.416651
0.365835
0.419292
0.279876
0.422968
0.387651
0.439472
0.224025
0.423034
0.393993
0.450928
0.268096
0.415087
0.381109
0.448081
0.270360
0.408269
0.404585
0.468514
0.273898
0.431473
0.410629
0.459071
0.286052
0.458019
0.413782
0.480737
0.291888
0.463959
0.423460
0.471918
0.283055
0.442459
0.417194
0.472677
0.282105
0.430837
0.405302
0.461379
0.267095
0.446668
0.403486
0.450311
0.264066
0.406067
0.372848
0.390172
0.213233
0.298914
0.265484
0.299974
0.235846
0.326063
0.343345
0.342710
0.238159
0.363712
0.356861
0.395421
0.222323
0.358164
0.369084
0.370531
0.239104
0.394190
0.379698
0.423499
0.262001
0.429464
0.402279
0.442078
0.262881
0.406862
0.390506
0.452112
0.254596
0.406925
0.383791
0.416581
0.260949
0.425052
0.399539
0.420953
0.250127
0.397691
0.371975
0.434889
0.262580
0.382007
0.369578
0.409332
0.272809
0.394777
0.374029
0.420048
0.262853
0.400520
0.388023
0.418767
0.275034
0.403211
0.388848
0.429700
0.276684
0.415878
0.369823
0.413727
0.263822
0.386123
0.361458
0.428411
0.278021
0.425444
0.409450
0.450471
0.287227
0.457483
0.424681
0.475389
0.288588
0.440486
0.396943
0.445420
0.299153
0.453489
0.428912
0.475708
0.294817
0.450856
0.434678
0.495717
0.309631
0.463617
0.417424
0.456471
0.291730
0.419152
0.403977
0.465250
0.313246
0.466791
0.442245
0.488725
0.292403
0.448189
0.435041
0.469019
0.306405
0.431870
0.408710
0.460526
0.306035
0.436593
0.427650
0.471626
0.305790
0.452533
0.412306
0.440365
0.281695
0.412264
0.399840
0.449134
0.293650
0.420939
0.398540
0.417845
0.281455
0.417263
0.389509
0.433856
0.263560
0.372908
0.340722
0.403075
0.261870
0.381634
0.382704
0.405672
0.256111
0.378391
0.355401
0.376758
0.239440
0.350969
0.327520
0.379887
0.251593
0.386221
0.371014
0.424958
0.252882
0.367646
0.347620
0.392616
0.258154
0.388806
0.365275
0.395602
0.247877
0.369427
0.364058
0.394973
0.248714
0.349358
0.350966
0.369510
0.226711
0.350161
0.307420
0.377517
0.209697
0.293957
0.296583
0.337145
0.229165
0.368531
0.361126
0.409850
0.261666
0.361848
0.349697
0.413580
0.253567
0.426065
0.405913
0.467962
0.331756
0.505352
0.440534
0.495164
0.364670
0.447654
0.420666
0.534038
0.386722
0.629063
0.612823
0.637493
