0.549018
0.521635
0.580831
0.364660
0.577703
0.548477
0.608181
0.273450
0.561183
0.544208
0.619114
0.345479
0.559378
0.537255
0.612014
0.354674
0.553055
0.561472
0.633538
0.361587
0.574842
0.570738
0.626114
0.369222
0.605307
0.570895
0.648254
0.376872
0.618329
0.581710
0.639942
0.370190
0.593127
0.578729
0.640632
0.380402
0.585517
0.568789
0.629044
0.366607
0.604187
0.567558
0.621372
0.365200
0.564715
0.540930
0.557741
0.310116
0.441531
0.409074
0.451120
0.340963
0.482216
0.501947
0.508230
0.337516
0.522637
0.517760
0.570216
0.322995
0.514083
0.533981
0.541222
0.340624
0.555470
0.541715
0.589350
0.367238
0.593249
0.568798
0.608002
0.360707
0.561210
0.555073
0.620493
0.360030
0.569674
0.543531
0.583077
0.368539
0.583589
0.571426
0.588391
0.348191
0.554949
0.536090
0.600643
0.371934
0.538737
0.530062
0.573923
0.385693
0.552695
0.540680
0.585660
0.373125
0.559108
0.552881
0.581700
0.388050
0.562173
0.550993
0.598599
0.388719
0.574723
0.530552
0.580921
0.376493
0.543985
0.524565
0.596512
0.391534
0.590785
0.569003
0.616500
0.393226
0.619232
0.578804
0.639538
0.406441
0.599349
0.556583
0.607902
0.412169
0.610572
0.588555
0.637303
0.413916
0.609500
0.595858
0.654912
0.428351
0.624945
0.577790
0.613855
0.413436
0.577877
0.562272
0.627971
0.434405
0.624419
0.606904
0.648460
0.410066
0.611903
0.594516
0.628261
0.421103
0.589332
0.565526
0.624398
0.427832
0.597728
0.585662
0.633616
0.417927
0.606183
0.569296
0.597824
0.396817
0.566804
0.559786
0.609231
0.414512
0.579237
0.558058
0.580313
0.400909
0.577851
0.556754
0.597438
0.381385
0.529652
0.495144
0.564012
0.382915
0.540652
0.542229
0.566990
0.374183
0.538785
0.513190
0.538289
0.355938
0.508225
0.482544
0.543731
0.368898
0.549330
0.530040
0.589001
0.371476
0.529923
0.507125
0.556272
0.378036
0.553660
0.525524
0.559335
0.367643
0.527887
0.527616
0.559113
0.368941
0.505486
0.509178
0.527101
0.347586
0.508583
0.461768
0.541051
0.323104
0.441477
0.445249
0.489248
0.353235
0.527619
0.518182
0.569138
0.387856
0.518090
0.508604
0.572032
0.383204
0.587448
0.566621
0.624727
0.466992
0.663381
0.604094
0.648614
0.501421
0.603087
0.580467
0.682557
0.536477
0.756818
0.755867
0.767207
