0.322012
0.273020
0.307629
0.208411
0.309690
0.268549
0.304236
0.159512
0.316797
0.271706
0.313973
0.194128
0.294953
0.259537
0.308054
0.195152
0.286491
0.276915
0.322504
0.195204
0.303186
0.280284
0.313267
0.202828
0.324523
0.280033
0.328878
0.207096
0.329807
0.285133
0.319602
0.195697
0.306488
0.278683
0.318539
0.193180
0.293600
0.265209
0.304516
0.178802
0.303168
0.261697
0.292944
0.175248
0.268058
0.234965
0.246330
0.132831
0.188437
0.155051
0.175934
0.144170
0.203029
0.204022
0.205745
0.152432
0.234119
0.214913
0.247337
0.138165
0.231074
0.225049
0.228343
0.151308
0.255120
0.235142
0.271196
0.169550
0.282063
0.257103
0.284054
0.169492
0.266511
0.249695
0.292343
0.163666
0.264316
0.244105
0.265138
0.166924
0.277968
0.253536
0.268080
0.158462
0.258734
0.233559
0.279365
0.166632
0.246472
0.230780
0.260208
0.174234
0.255996
0.234778
0.268860
0.166641
0.260324
0.245029
0.269204
0.175465
0.264057
0.246400
0.277326
0.177679
0.274049
0.232751
0.264899
0.165326
0.250319
0.226295
0.275772
0.177543
0.281840
0.262363
0.293090
0.186379
0.311113
0.274068
0.317570
0.192212
0.301954
0.256945
0.291965
0.193528
0.308650
0.281227
0.315710
0.197143
0.313054
0.286105
0.332992
0.210086
0.323520
0.273225
0.302464
0.193576
0.287959
0.264668
0.313629
0.204143
0.323968
0.290593
0.327246
0.197028
0.312706
0.287760
0.312306
0.199367
0.297443
0.266222
0.304758
0.199076
0.300822
0.279362
0.314003
0.199713
0.313216
0.268050
0.289518
0.179724
0.277776
0.258516
0.300160
0.188604
0.284823
0.256399
0.273703
0.178879
0.281423
0.248280
0.283575
0.164798
0.244973
0.211064
0.259229
0.161418
0.253431
0.237398
0.259027
0.157631
0.247209
0.218133
0.237134
0.146068
0.225225
0.198283
0.242028
0.154885
0.253630
0.227779
0.273031
0.156310
0.236867
0.214988
0.248480
0.159962
0.251300
0.225307
0.250718
0.151004
0.237545
0.224963
0.250954
0.151076
0.221488
0.215117
0.231537
0.134441
0.220523
0.182379
0.234776
0.122588
0.183152
0.176143
0.206726
0.134346
0.238530
0.221576
0.263634
0.158997
0.233915
0.216565
0.270059
0.150335
0.283700
0.258943
0.314484
0.212707
0.356942
0.291102
0.337146
0.237154
0.310908
0.277730
0.375582
0.258252
0.486520
0.435113
0.489200
