0.683906
0.677214
0.727308
0.471042
0.717568
0.696479
0.747342
0.338886
0.703982
0.695324
0.763956
0.441619
0.699541
0.685164
0.749853
0.449315
0.688449
0.710019
0.768190
0.459109
0.715111
0.716083
0.757641
0.476150
0.737146
0.719386
0.776967
0.486366
0.753658
0.736789
0.759947
0.482993
0.730385
0.730843
0.765245
0.488080
0.719356
0.717369
0.767942
0.481639
0.738665
0.721984
0.756120
0.472378
0.705630
0.691894
0.699607
0.428155
0.589422
0.558694
0.598380
0.459282
0.632177
0.653567
0.649452
0.449065
0.666443
0.671053
0.705231
0.436632
0.660034
0.683361
0.680116
0.460208
0.697656
0.689022
0.722674
0.485578
0.733118
0.718761
0.742687
0.477914
0.706607
0.704364
0.756641
0.469338
0.713779
0.695524
0.721569
0.489556
0.725317
0.719404
0.725756
0.467762
0.704868
0.681744
0.739739
0.493542
0.683698
0.684093
0.718755
0.502005
0.700716
0.685780
0.723796
0.494097
0.709154
0.702084
0.716799
0.508901
0.706654
0.696307
0.728217
0.513814
0.715391
0.682961
0.716138
0.501245
0.690559
0.672819
0.731431
0.514766
0.731084
0.721209
0.745689
0.511056
0.751321
0.728844
0.763480
0.532217
0.734817
0.710267
0.738946
0.538584
0.747670
0.735514
0.762133
0.542505
0.747990
0.739492
0.779891
0.554298
0.753180
0.726779
0.743058
0.544349
0.721614
0.709253
0.756522
0.556194
0.756412
0.746722
0.773312
0.538136
0.744051
0.737765
0.760525
0.552216
0.733010
0.715398
0.758444
0.543065
0.730845
0.734211
0.758878
0.547022
0.747617
0.711212
0.734446
0.525620
0.711566
0.703265
0.743337
0.542981
0.723918
0.703799
0.713537
0.529976
0.719682
0.703210
0.736100
0.507459
0.679425
0.648147
0.701347
0.511075
0.688556
0.690710
0.708011
0.503750
0.693984
0.660962
0.681515
0.482879
0.662676
0.632766
0.683541
0.501069
0.708666
0.679776
0.727053
0.496567
0.684309
0.657404
0.704331
0.505733
0.708196
0.670798
0.703556
0.495053
0.680072
0.674268
0.699249
0.501341
0.658534
0.658689
0.673043
0.479042
0.666340
0.607835
0.681963
0.455847
0.596524
0.595935
0.630424
0.490507
0.684282
0.659422
0.709985
0.519808
0.668420
0.652480
0.705590
0.522619
0.726332
0.700887
0.752100
0.600471
0.790468
0.735764
0.773407
0.642327
0.740874
0.720404
0.796352
0.677570
0.854995
0.855775
0.859920
