1.000000
1.000000
0.328476
0.177456
0.351828
0.298186
0.359864
0.138703
0.355351
0.307909
0.375247
0.176321
0.380249
0.338134
0.399843
0.177583
0.373551
0.322762
0.388619
0.184541
0.380162
0.325863
0.389260
0.185936
0.374218
0.331501
0.388426
0.190434
0.392516
0.342853
0.389396
0.196630
0.367708
0.346848
0.427786
0.233208
0.436624
0.412141
0.449911
0.253057
0.440559
0.395338
0.458608
0.264092
0.433736
0.382346
0.390196
0.214154
0.404572
0.347934
0.407635
0.226590
0.423611
0.362902
0.412951
0.221034
0.435288
0.370326
0.408576
0.219674
0.425221
0.380398
0.432130
0.214767
0.383130
0.360402
0.409243
0.231455
0.405846
0.365480
0.403571
0.218154
0.381237
0.351453
0.382142
0.232421
0.378612
0.344798
0.385413
0.222393
0.374001
0.361778
0.428260
0.241182
0.386985
0.373571
0.425965
0.257048
0.412742
0.399623
0.425940
0.259911
0.413893
0.346867
0.401275
0.225778
0.354866
0.339890
0.376621
0.210971
0.376205
0.339117
0.361756
0.216826
0.373393
0.346891
0.384601
0.226783
0.380217
0.356030
0.396779
0.242107
0.414544
0.370221
0.416300
0.226871
0.393828
0.359445
0.429475
0.248044
0.415586
0.370185
0.441173
0.255753
0.438390
0.415223
0.474248
0.266858
0.450376
0.400613
0.440713
0.237321
0.415353
0.374224
0.438425
0.245126
0.429395
0.382848
0.429150
0.215062
0.357975
0.321359
0.376405
0.217918
0.376803
0.360496
0.410771
0.230977
0.426301
0.376622
0.410145
0.206995
0.375752
0.341020
0.386240
0.211200
0.372749
0.355691
0.399252
0.217115
0.368908
0.340869
0.391439
0.226754
0.391701
0.346830
0.361683
0.210465
0.344330
0.318353
0.348848
0.207978
0.361950
0.333027
0.357686
0.216447
0.352538
0.330139
0.348696
0.217003
0.337153
0.316613
0.335527
0.200836
0.325892
0.312902
0.335361
0.192466
0.316441
0.295069
0.330942
0.190670
0.309522
0.305525
0.349877
0.203932
0.337603
0.317516
0.362163
0.196844
0.359993
0.331628
0.360232
0.209772
0.379009
0.334782
0.386153
0.220438
0.370987
0.354029
0.406124
0.232227
0.391807
0.353984
0.404044
0.237412
0.429199
0.368017
0.430670
0.242681
0.433514
0.383361
0.438335
0.252496
0.439739
0.394666
0.448536
0.251169
0.422210
0.358461
0.396456
0.233581
0.413672
0.386787
0.432348
0.255336
0.424104
0.390599
0.449947
0.251121
0.433605
0.401572
0.474376
0.281318
0.480572
0.430011
0.474819
0.279045
0.485556
0.442054
0.474740
0.277752
0.490309
0.441475
0.509666
0.293398
0.524734
0.471870
0.546932
0.318496
0.572980
0.500111
0.543816
0.324995
0.570059
0.490607
0.520466
0.307059
0.523353
0.462045
0.505980
0.294983
0.456132
0.451379
0.507963
0.289226
0.429537
0.435640
0.496304
0.308660
0.515106
0.448067
0.524776
0.309935
0.511050
0.443014
0.474324
0.301417
0.503083
0.462761
0.490915
0.305215
0.499876
0.464968
0.491590
0.295374
0.504593
0.438789
0.481271
0.284145
0.463129
0.452786
0.511901
0.305952
0.494026
0.460423
0.512995
0.322428
0.572574
0.495221
0.543846
0.320880
0.546458
0.491439
0.525189
0.332928
0.573167
0.533733
0.573064
0.353061
0.584396
0.520038
0.578695
0.378431
0.645549
0.581557
0.622030
0.369298
0.653201
0.556315
0.613225
0.391319
0.635770
0.565195
0.611508
0.395700
0.649502
0.579499
0.616046
0.397973
0.653812
0.561572
0.623114
0.382766
0.621770
0.558720
0.612122
0.377923
0.618556
0.531381
0.582643
0.350365
0.577233
0.502156
0.542125
0.328113
0.562519
0.501294
0.565245
0.342444
0.603890
0.512584
0.553130
0.330925
0.567711
0.489644
0.547689
0.335144
0.580281
0.518774
0.570359
0.358289
0.582798
0.544620
0.579436
0.379932
0.625348
0.558184
0.606428
0.366215
0.641888
0.575049
0.622200
0.390749
0.689162
0.591810
0.629181
0.389221
0.676709
0.617878
0.663783
0.413080
0.686512
0.616934
0.669701
0.445030
0.758320
0.652178
0.668876
0.427899
0.706418
0.606682
0.645426
0.422219
0.673141
0.580384
0.582179
0.362938
0.582349
0.540904
0.601882
0.386341
0.613325
0.557733
0.614068
0.403440
0.680559
0.622287
0.680877
0.428560
0.724515
0.646500
0.674165
0.409932
0.713008
0.630270
0.673439
0.422762
0.678484
0.571429
0.603825
0.397976
0.612053
0.538813
0.551568
0.346604
0.509535
0.484421
0.507364
0.299745
0.463224
0.396371
0.395739
0.248981
0.406651
0.386363
0.397748
0.227343
0.361454
0.346888
0.399817
0.225685
0.369574
0.350455
0.344108
0.205111
0.363323
0.317719
0.343644
0.213129
0.346011
0.317671
0.354015
0.216087
0.333174
0.305857
0.366775
0.225840
0.365383
0.338728
0.381309
0.239644
0.375434
0.348828
0.409385
0.266541
0.426852
0.375736
0.434196
0.274128
0.458185
0.411791
0.465006
0.287756
0.491296
0.422264
0.474071
0.307537
0.490019
0.468681
0.541994
0.308017
0.490489
0.477538
0.559833
0.353200
0.605745
0.543489
0.572990
