1.000000
1.000000
0.518908
0.288037
0.528501
0.464809
0.520637
0.211104
0.528636
0.468807
0.545368
0.265738
0.558607
0.502561
0.566401
0.278537
0.551500
0.489103
0.557524
0.280255
0.560449
0.488047
0.552832
0.281540
0.551855
0.491779
0.558093
0.290629
0.566130
0.505221
0.552788
0.300301
0.530079
0.500120
0.576897
0.355743
0.586597
0.571968
0.599605
0.390762
0.605898
0.550317
0.616648
0.404886
0.601055
0.540689
0.546567
0.345980
0.576729
0.512697
0.576034
0.347475
0.598366
0.535246
0.574560
0.345938
0.612171
0.532384
0.569508
0.348784
0.605753
0.546058
0.595324
0.343244
0.556615
0.530440
0.571947
0.360849
0.578692
0.534164
0.557448
0.343219
0.556969
0.515986
0.540291
0.364248
0.543714
0.507247
0.542341
0.358746
0.545142
0.518277
0.588408
0.384878
0.558347
0.541222
0.583484
0.403735
0.586666
0.566051
0.585236
0.405156
0.599148
0.511920
0.571368
0.359897
0.528538
0.504448
0.547732
0.343669
0.557452
0.510151
0.535838
0.348291
0.554419
0.519170
0.559071
0.362512
0.567224
0.519977
0.568299
0.380906
0.597310
0.547182
0.578588
0.361926
0.567829
0.539005
0.592150
0.394472
0.601209
0.542833
0.597728
0.398982
0.610566
0.588673
0.642272
0.416344
0.643840
0.570089
0.611775
0.381600
0.604855
0.553008
0.611500
0.378253
0.615890
0.556304
0.595087
0.345943
0.528550
0.492744
0.539663
0.350110
0.547124
0.532224
0.576681
0.366629
0.606539
0.556061
0.578753
0.332879
0.553422
0.506729
0.558059
0.344638
0.555888
0.520690
0.575954
0.353273
0.548656
0.504490
0.560677
0.369454
0.576781
0.510352
0.530449
0.352015
0.528170
0.479898
0.519204
0.341200
0.539689
0.498169
0.529257
0.355701
0.529904
0.491368
0.515328
0.355766
0.519277
0.479282
0.504759
0.330812
0.508769
0.474122
0.500128
0.325176
0.493802
0.458725
0.502143
0.318458
0.488094
0.472172
0.529474
0.334455
0.524523
0.485594
0.528872
0.328795
0.550486
0.496239
0.533613
0.346584
0.565166
0.503154
0.553357
0.364416
0.558255
0.520518
0.575205
0.380875
0.578039
0.529020
0.571677
0.384706
0.619069
0.548232
0.598587
0.391978
0.620455
0.559187
0.611821
0.407282
0.626417
0.576916
0.616227
0.409049
0.601740
0.535816
0.570190
0.379461
0.603566
0.558959
0.594875
0.405634
0.612142
0.568784
0.613262
0.401308
0.613325
0.584845
0.641482
0.440983
0.665481
0.598844
0.643136
0.440019
0.671140
0.622768
0.638861
0.440032
0.667949
0.622853
0.669826
0.459148
0.702893
0.648813
0.715148
0.479181
0.738071
0.670812
0.694770
0.501365
0.732917
0.662289
0.679962
0.488217
0.694914
0.643999
0.663925
0.466021
0.634169
0.631612
0.676637
0.456685
0.611995
0.609714
0.659245
0.483254
0.682370
0.627688
0.683400
0.484808
0.686772
0.621749
0.639205
0.475658
0.683541
0.642063
0.653026
0.475035
0.680851
0.635853
0.656825
0.466312
0.679570
0.610699
0.636247
0.452899
0.644508
0.626601
0.664170
0.481657
0.668444
0.637433
0.669927
0.505689
0.739960
0.667700
0.702774
0.496913
0.715437
0.667745
0.675716
0.516901
0.738612
0.697320
0.723745
0.540782
0.741110
0.694792
0.726730
0.566014
0.790950
0.745555
0.759526
0.556517
0.799470
0.724666
0.761016
0.581995
0.785416
0.733536
0.758746
0.585187
0.801895
0.747327
0.765386
0.581366
0.799820
0.731008
0.765376
0.574182
0.770264
0.725829
0.760958
0.565231
0.762955
0.710392
0.737339
0.527351
0.739264
0.678241
0.696208
0.508649
0.721998
0.680931
0.719296
0.520337
0.763523
0.687897
0.705126
0.508397
0.729503
0.668445
0.706104
0.511633
0.739075
0.692181
0.720190
0.538985
0.746533
0.708683
0.735896
0.562798
0.771925
0.719924
0.752760
0.556658
0.784835
0.737477
0.777610
0.573600
0.818805
0.762181
0.771143
0.578473
0.813015
0.770712
0.797005
0.608691
0.822412
0.767923
0.808939
0.632530
0.866708
0.793622
0.802416
0.624794
0.829999
0.762315
0.790907
0.615374
0.816801
0.739680
0.741656
0.551755
0.745955
0.709482
0.757801
0.562921
0.774762
0.724292
0.767492
0.581292
0.816346
0.781297
0.803946
0.611606
0.841487
0.792991
0.807987
0.602417
0.843078
0.778481
0.819264
0.606579
0.811330
0.734122
0.760043
0.581423
0.775348
0.707251
0.714132
0.524157
0.688945
0.656487
0.677703
0.468880
0.643715
0.574213
0.564539
0.398061
0.582699
0.556698
0.562323
0.370031
0.527562
0.520407
0.565132
0.369736
0.540162
0.517540
0.504083
0.344404
0.538293
0.477456
0.504229
0.351136
0.523969
0.478160
0.511932
0.355896
0.504585
0.469722
0.529572
0.373259
0.546166
0.505713
0.548216
0.385150
0.553069
0.519934
0.579759
0.416202
0.605065
0.552299
0.602281
0.421798
0.642499
0.579481
0.636745
0.442189
0.661472
0.596328
0.642284
0.472129
0.664676
0.649351
0.705220
0.468695
0.662556
0.653647
0.710235
0.528275
0.762983
0.713798
0.728733
