1.000000
1.000000
0.095332
0.048134
0.093882
0.071817
0.095187
0.045234
0.103692
0.082725
0.107336
0.049162
0.109383
0.090945
0.109008
0.049441
0.104282
0.086637
0.104908
0.049152
0.104854
0.086698
0.106681
0.049258
0.104741
0.088669
0.107986
0.049424
0.110728
0.094192
0.113279
0.050917
0.107411
0.097979
0.134479
0.063670
0.146197
0.130658
0.151864
0.074213
0.151336
0.122579
0.158421
0.074817
0.144598
0.114000
0.119718
0.054524
0.120159
0.097344
0.122206
0.057374
0.121574
0.100115
0.119620
0.058607
0.127384
0.105637
0.118087
0.057461
0.124557
0.105430
0.127380
0.055868
0.111460
0.098808
0.122006
0.059080
0.121213
0.102212
0.120702
0.054401
0.115119
0.098548
0.116609
0.057709
0.115604
0.095054
0.118771
0.054314
0.112623
0.103094
0.143315
0.060143
0.121585
0.107687
0.135431
0.065361
0.130773
0.119610
0.134968
0.066656
0.130357
0.095772
0.118769
0.054211
0.099177
0.090292
0.108302
0.048621
0.104062
0.087694
0.100395
0.050878
0.101373
0.089967
0.110706
0.053616
0.106376
0.093406
0.117073
0.059443
0.117379
0.102281
0.120113
0.055212
0.112121
0.099070
0.130404
0.060910
0.120186
0.103881
0.130161
0.065066
0.128399
0.120148
0.148764
0.073063
0.140120
0.114196
0.131564
0.061682
0.120368
0.102365
0.127948
0.062116
0.125317
0.105306
0.123385
0.051873
0.096207
0.084850
0.107226
0.050763
0.102596
0.096098
0.119164
0.056831
0.122890
0.099587
0.116880
0.048996
0.101410
0.085633
0.107078
0.050247
0.101659
0.088837
0.111344
0.052306
0.100639
0.086769
0.112792
0.053992
0.110863
0.089073
0.101874
0.049164
0.092285
0.080370
0.098995
0.046900
0.100529
0.086457
0.103501
0.051289
0.098723
0.086394
0.101751
0.050844
0.094578
0.081086
0.094177
0.044806
0.087879
0.078516
0.092858
0.042625
0.084551
0.071500
0.089412
0.041131
0.078327
0.073108
0.095607
0.046016
0.086945
0.077055
0.097322
0.044853
0.094829
0.082843
0.098513
0.049471
0.100419
0.083801
0.110749
0.052916
0.103219
0.094267
0.122016
0.056315
0.112067
0.095812
0.115035
0.059545
0.123302
0.101364
0.129328
0.065054
0.130169
0.106948
0.132925
0.068969
0.135018
0.113555
0.136794
0.067456
0.126062
0.097734
0.115105
0.057712
0.120746
0.109234
0.129150
0.066900
0.126620
0.112147
0.139507
0.066609
0.130880
0.118267
0.149967
0.079345
0.153237
0.132071
0.156489
0.079067
0.158629
0.137276
0.153910
0.080035
0.160605
0.138578
0.173909
0.087087
0.179327
0.152430
0.199693
0.101445
0.211037
0.169145
0.202789
0.096927
0.211889
0.167997
0.197291
0.085134
0.187284
0.149678
0.177504
0.088021
0.152311
0.144166
0.175185
0.084077
0.141937
0.137082
0.171219
0.090044
0.179794
0.145386
0.187739
0.096014
0.175043
0.140825
0.159261
0.090240
0.173444
0.150267
0.171645
0.090930
0.174542
0.150922
0.169667
0.087398
0.176857
0.138359
0.164665
0.081515
0.157788
0.145302
0.181602
0.090462
0.171455
0.148916
0.181732
0.100589
0.214875
0.170739
0.204000
0.093886
0.200313
0.170087
0.198000
0.104268
0.220261
0.194934
0.230996
0.111023
0.223289
0.183682
0.237863
0.121938
0.270825
0.216374
0.278797
0.126295
0.272636
0.211784
0.272378
0.135551
0.277344
0.218235
0.276209
0.135043
0.281357
0.228982
0.279438
0.136120
0.287121
0.222238
0.278174
0.128533
0.263831
0.219374
0.267309
0.125108
0.257782
0.194918
0.239684
0.111060
0.221436
0.174836
0.209830
0.101135
0.211525
0.180879
0.217035
0.118659
0.231902
0.184133
0.213170
0.104610
0.214965
0.174227
0.208928
0.111371
0.223829
0.192375
0.227313
0.115186
0.233099
0.207367
0.241135
0.123525
0.259275
0.205901
0.259853
0.125874
0.267860
0.221082
0.279107
0.139413
0.313499
0.228868
0.288826
0.137701
0.302405
0.258436
0.331641
0.151101
0.322523
0.260706
0.335262
0.168265
0.383761
0.287049
0.337959
0.162107
0.326868
0.253691
0.320849
0.155183
0.317755
0.227473
0.258028
0.120115
0.243485
0.199851
0.267300
0.130772
0.266033
0.214710
0.274674
0.141460
0.320707
0.259498
0.332185
0.169145
0.365029
0.282766
0.345220
0.152353
0.339105
0.271180
0.345671
0.160158
0.323985
0.235271
0.282901
0.138269
0.269988
0.205051
0.235331
0.110645
0.199420
0.172015
0.190275
0.095357
0.170030
0.130315
0.133803
0.069718
0.136149
0.118758
0.129178
0.061585
0.112747
0.101326
0.125290
0.060689
0.114287
0.102076
0.101753
0.052990
0.111530
0.083834
0.099816
0.055138
0.104887
0.085240
0.100324
0.055532
0.096590
0.080279
0.104311
0.059006
0.110807
0.093545
0.115906
0.062443
0.114782
0.100456
0.129950
0.073150
0.132690
0.107546
0.139718
0.079168
0.148692
0.126663
0.158400
0.085164
0.165043
0.130375
0.165081
0.093820
0.169969
0.158979
0.199080
0.098466
0.174124
0.164474
0.218890
0.118950
0.244157
0.200007
0.224039
