1.000000
1.000000
0.183051
0.096752
0.195688
0.162846
0.200052
0.083846
0.207081
0.172670
0.213127
0.099899
0.221670
0.193885
0.233551
0.102321
0.217150
0.184307
0.226962
0.101698
0.216868
0.185888
0.227357
0.103389
0.216372
0.191907
0.231106
0.103866
0.228293
0.199565
0.234888
0.106955
0.216606
0.206164
0.268047
0.130223
0.276869
0.260080
0.288324
0.141400
0.277634
0.244277
0.299482
0.152474
0.270054
0.232391
0.239150
0.116723
0.239561
0.206543
0.243244
0.123927
0.248427
0.213947
0.250554
0.125136
0.255883
0.224967
0.244672
0.123191
0.254788
0.225408
0.262500
0.120350
0.230254
0.212491
0.245508
0.126602
0.245688
0.215877
0.247513
0.116545
0.229549
0.207763
0.230154
0.125333
0.226481
0.202915
0.233012
0.117952
0.224299
0.214477
0.271249
0.130229
0.236567
0.224395
0.266343
0.140226
0.250838
0.245453
0.263732
0.142222
0.251970
0.203619
0.243165
0.119448
0.204270
0.193421
0.219798
0.110622
0.216315
0.191753
0.206319
0.114399
0.211814
0.198684
0.225414
0.119662
0.219567
0.202804
0.234797
0.130424
0.242026
0.215523
0.246145
0.121956
0.228741
0.211619
0.258297
0.133888
0.242369
0.218350
0.266898
0.140251
0.260923
0.249259
0.301173
0.153454
0.274286
0.238876
0.270627
0.132948
0.246993
0.217804
0.267322
0.135159
0.255612
0.223842
0.257968
0.114329
0.201907
0.184864
0.218680
0.114807
0.214337
0.205853
0.241780
0.125399
0.252112
0.216940
0.241394
0.109578
0.214314
0.188887
0.223184
0.112949
0.214739
0.198481
0.234145
0.116163
0.212650
0.190261
0.230613
0.119992
0.229261
0.195236
0.209464
0.110349
0.194124
0.181981
0.200912
0.106532
0.209598
0.191282
0.208523
0.113611
0.201482
0.190663
0.204224
0.113498
0.193380
0.182192
0.192827
0.101212
0.183169
0.178756
0.193673
0.097142
0.178464
0.164276
0.185443
0.094455
0.169603
0.167821
0.199042
0.104686
0.187223
0.175937
0.203251
0.102291
0.203032
0.188786
0.205365
0.110801
0.213773
0.189646
0.223841
0.117274
0.214913
0.202975
0.245858
0.122996
0.231686
0.207968
0.241787
0.127238
0.252455
0.213916
0.263531
0.137303
0.261561
0.226717
0.268959
0.144439
0.270513
0.236643
0.279285
0.142288
0.254093
0.208463
0.239462
0.125559
0.247782
0.228628
0.264946
0.141676
0.256793
0.232599
0.283045
0.141321
0.265409
0.239667
0.296639
0.164584
0.299332
0.266314
0.303120
0.156079
0.299104
0.273906
0.299939
0.157205
0.306966
0.274646
0.328130
0.168263
0.337352
0.297018
0.367866
0.187528
0.383450
0.321417
0.370525
0.192802
0.384125
0.316071
0.354190
0.174435
0.339058
0.292048
0.334382
0.169589
0.287572
0.281244
0.332426
0.170830
0.268311
0.269732
0.324099
0.181355
0.334693
0.282757
0.352576
0.179684
0.329252
0.273574
0.304172
0.172747
0.325088
0.294424
0.321990
0.173842
0.323999
0.290567
0.322766
0.168002
0.324238
0.271277
0.313946
0.157967
0.293328
0.283179
0.338224
0.181689
0.320656
0.289253
0.341016
0.187694
0.388054
0.319778
0.368528
0.186226
0.363368
0.316708
0.354173
0.193365
0.392493
0.350600
0.403241
0.212399
0.395767
0.346385
0.408665
0.229305
0.460371
0.397637
0.454351
0.236413
0.466341
0.380580
0.447044
0.249720
0.463850
0.390265
0.449106
0.249561
0.473063
0.398272
0.455351
0.252383
0.477304
0.392417
0.449032
0.240686
0.446900
0.385654
0.440518
0.234843
0.442609
0.363949
0.409817
0.210277
0.394002
0.331729
0.373576
0.195228
0.375697
0.331318
0.389019
0.210305
0.413593
0.339351
0.379324
0.199522
0.382398
0.321299
0.373572
0.200342
0.394744
0.345530
0.399052
0.217679
0.404192
0.368921
0.410579
0.231889
0.444496
0.378634
0.431020
0.233220
0.454991
0.397788
0.454611
0.252403
0.506627
0.410128
0.462020
0.252061
0.493852
0.443594
0.508635
0.258299
0.515174
0.442840
0.513982
0.282058
0.594678
0.471802
0.511605
0.270942
0.528704
0.431451
0.490926
0.264525
0.506100
0.396137
0.416279
0.225081
0.411693
0.365155
0.435825
0.238399
0.441550
0.384701
0.441363
0.254462
0.516673
0.446836
0.515366
0.276017
0.570788
0.461185
0.515823
0.257163
0.542700
0.452646
0.518205
0.267570
0.503323
0.398972
0.442711
0.250173
0.434874
0.365782
0.387094
0.208637
0.344155
0.313016
0.337927
0.181540
0.304366
0.247989
0.246118
0.139397
0.258333
0.234125
0.239615
0.126238
0.218356
0.207071
0.238881
0.124808
0.222919
0.208917
0.199999
0.110950
0.215710
0.182079
0.199746
0.116214
0.204313
0.183932
0.202927
0.116714
0.191421
0.174210
0.211511
0.123664
0.215022
0.199040
0.226706
0.130344
0.220647
0.208820
0.247701
0.148954
0.256630
0.220325
0.264433
0.158625
0.284900
0.252019
0.292296
0.167974
0.313311
0.255084
0.302261
0.180740
0.318859
0.294589
0.359513
0.188603
0.320475
0.305829
0.381719
0.222101
0.422894
0.359238
0.393313
