0.111530
0.105578
0.137286
0.060357
0.120965
0.105008
0.114526
0.050658
0.123119
0.103300
0.126330
0.057510
0.123749
0.108017
0.155035
0.075661
0.162626
0.131884
0.159913
0.067266
0.147697
0.128872
0.158746
0.061721
0.147824
0.127366
0.156666
0.062349
0.148653
0.107247
0.142659
0.064259
0.164203
0.149684
0.197878
0.072080
0.199356
0.167954
0.201242
0.078206
0.187943
0.136301
0.154654
0.062069
0.147266
0.106107
0.148794
0.055748
0.134376
0.115065
0.149372
0.063217
0.127396
0.123477
0.151424
0.055933
0.157332
0.136656
0.173341
0.067598
0.159719
0.128967
0.149215
0.058523
0.145769
0.122516
0.158967
0.060945
0.153547
0.130814
0.164049
0.054823
0.136905
0.119767
0.146543
0.053275
0.153584
0.113568
0.149711
0.057409
0.147214
0.128514
0.157458
0.070619
0.141701
0.098774
0.123080
0.055948
0.141128
0.108587
0.124040
0.052244
0.131454
0.111120
0.155576
0.055653
0.138358
0.128380
0.175159
0.061513
0.139356
0.117539
0.162146
0.057904
0.168936
0.139753
0.202140
0.070373
0.217771
0.163269
0.203297
0.078848
0.253055
0.176717
0.227673
0.051684
0.183931
0.154492
0.213053
0.063703
0.206771
0.148180
0.198545
0.059146
0.204453
0.155372
0.219779
0.081547
0.229917
0.185003
0.214598
0.094541
0.188305
0.152640
0.160225
0.085743
0.145898
0.130219
0.156354
0.095220
0.177265
0.154128
0.182215
0.100931
0.155474
0.132487
0.160332
0.104363
0.193230
0.189277
0.225782
0.120958
0.186524
0.147864
0.168466
0.098424
0.171656
0.153665
0.177218
0.093404
0.154273
0.132304
0.155085
0.071721
0.117951
0.119912
0.159366
0.094390
0.176830
0.158147
0.174091
0.080294
0.146262
0.124153
0.148456
0.074141
0.129562
0.102653
0.134669
0.076837
0.149610
0.148309
0.174597
0.089778
0.154561
0.142490
0.165604
0.080986
0.147408
0.131119
0.141051
0.061251
0.121990
0.109654
0.123402
0.059393
0.132523
0.111582
0.127521
0.066663
0.127267
0.118904
0.153073
0.072179
0.143158
0.120630
0.147766
0.076997
0.126211
0.105478
0.116111
0.052716
0.128877
0.121136
0.152452
0.073916
0.131565
0.117048
0.149306
0.066298
0.121216
0.115705
0.135890
0.063866
0.116189
0.093223
0.108603
0.050884
0.112790
0.140242
0.153814
0.074716
0.144305
0.136090
0.179440
0.082493
0.145789
0.124105
0.119486
0.064607
0.121259
0.112884
0.137055
0.060825
0.112018
0.111724
0.138180
0.073298
0.125841
0.111333
0.148756
0.063947
0.137754
0.137559
0.168705
0.076873
0.131281
0.119972
0.146385
0.067607
0.114365
0.113881
0.156551
0.082221
0.140737
0.104005
0.128491
0.066229
0.114716
0.104442
0.128384
0.080892
0.151037
0.131135
0.133108
0.084583
0.137290
0.122784
0.144650
0.079859
0.148586
0.135008
0.142808
0.077534
0.122327
0.102968
0.169297
0.098579
0.178942
0.142123
0.164024
0.095457
0.179224
0.166667
0.152412
0.089198
0.148496
0.163182
0.177275
