0.048565
0.040799
0.057786
0.028103
0.055051
0.041676
0.049666
0.025375
0.060616
0.044709
0.057598
0.026976
0.059352
0.048454
0.072172
0.036590
0.079050
0.060554
0.074284
0.032375
0.070186
0.056607
0.070699
0.028909
0.067138
0.057529
0.068692
0.029093
0.063967
0.044667
0.060321
0.029559
0.071825
0.061351
0.086889
0.033660
0.088474
0.074755
0.089079
0.037112
0.085869
0.056107
0.065395
0.028875
0.061853
0.045330
0.062775
0.025325
0.058874
0.048269
0.062808
0.029598
0.057127
0.052995
0.063440
0.026285
0.067695
0.058634
0.073618
0.032832
0.069935
0.053379
0.060973
0.027480
0.062299
0.049103
0.062588
0.027747
0.063193
0.052592
0.065901
0.024832
0.055545
0.047619
0.059175
0.025066
0.065136
0.046210
0.060297
0.027167
0.064086
0.052023
0.065359
0.034336
0.061438
0.040567
0.051900
0.027076
0.060762
0.044416
0.050328
0.025476
0.055937
0.043594
0.061651
0.026019
0.053795
0.052076
0.070490
0.027679
0.056416
0.044095
0.058165
0.025277
0.063955
0.052037
0.074672
0.031010
0.084173
0.063313
0.082738
0.034377
0.095265
0.067830
0.084998
0.024005
0.065578
0.054380
0.071440
0.026181
0.069347
0.052862
0.070787
0.024033
0.072596
0.057931
0.088749
0.034786
0.103188
0.084480
0.116438
0.045405
0.108688
0.080289
0.090442
0.040082
0.085002
0.071320
0.087243
0.047216
0.104231
0.086010
0.103043
0.052678
0.090580
0.073738
0.088160
0.055028
0.112949
0.108142
0.127097
0.065232
0.111038
0.082743
0.092428
0.051754
0.096453
0.082885
0.094014
0.049575
0.084017
0.070773
0.080437
0.038050
0.062252
0.062590
0.080736
0.050953
0.094091
0.084000
0.088474
0.043803
0.077944
0.064291
0.073998
0.040104
0.065622
0.051179
0.065755
0.041687
0.078783
0.074575
0.088375
0.049678
0.081418
0.074064
0.084462
0.044154
0.076660
0.065433
0.068404
0.032248
0.061299
0.053936
0.057778
0.031364
0.066872
0.053096
0.059250
0.035952
0.064035
0.055855
0.073725
0.038610
0.073394
0.059454
0.071854
0.041460
0.064235
0.050404
0.053490
0.027533
0.063726
0.057845
0.073182
0.040552
0.066469
0.057769
0.071825
0.035406
0.060867
0.056565
0.065181
0.033972
0.057272
0.042711
0.050031
0.026831
0.054791
0.066177
0.073560
0.040354
0.071842
0.067277
0.086598
0.044886
0.077000
0.061901
0.059833
0.034435
0.062046
0.054033
0.065762
0.032768
0.055699
0.054942
0.067216
0.041024
0.064649
0.056896
0.073737
0.035827
0.073346
0.073100
0.087743
0.044539
0.070240
0.063540
0.076178
0.039559
0.059440
0.059922
0.079628
0.049701
0.078054
0.056627
0.068293
0.039679
0.063603
0.055293
0.066389
0.048495
0.084548
0.071304
0.071812
0.051273
0.075431
0.066423
0.076168
0.047455
0.082240
0.074550
0.076665
0.046206
0.067346
0.055581
0.091683
0.059190
0.101541
0.078764
0.088481
0.058158
0.103044
0.092198
0.082303
0.053833
0.084381
0.090063
0.094949
