0.296523
0.295717
0.363235
0.189121
0.326707
0.311182
0.326149
0.154047
0.326298
0.291109
0.342897
0.186449
0.326451
0.315739
0.415749
0.228437
0.404443
0.367630
0.413962
0.212065
0.387892
0.369019
0.424279
0.211980
0.371406
0.360218
0.407395
0.232137
0.399289
0.335270
0.395902
0.239548
0.421204
0.417378
0.470266
0.265869
0.458243
0.435690
0.469945
0.290016
0.448103
0.381212
0.395192
0.245326
0.379276
0.335282
0.398910
0.228015
0.358763
0.339381
0.396807
0.238897
0.353630
0.370653
0.404727
0.215375
0.408032
0.393380
0.442253
0.247089
0.410844
0.373586
0.402173
0.231288
0.386479
0.362457
0.432357
0.247996
0.389941
0.372622
0.413372
0.236192
0.348082
0.349639
0.378212
0.221393
0.403479
0.359856
0.404638
0.220994
0.399530
0.380785
0.408118
0.264869
0.374011
0.309385
0.348218
0.222879
0.367550
0.329781
0.361986
0.201540
0.375316
0.334748
0.417062
0.224743
0.373323
0.392949
0.468512
0.251138
0.381565
0.363296
0.418257
0.255622
0.415623
0.396978
0.461333
0.299864
0.461030
0.427414
0.456677
0.329459
0.504580
0.449413
0.492754
0.271237
0.408143
0.419277
0.448815
0.309240
0.431850
0.395797
0.424756
0.285461
0.422847
0.391121
0.447959
0.319979
0.424195
0.410959
0.449163
0.292357
0.413412
0.377906
0.392186
0.240448
0.381187
0.355796
0.404738
0.242785
0.436358
0.389637
0.448961
0.255704
0.399739
0.360297
0.420028
0.258340
0.457224
0.471882
0.505187
0.282019
0.438091
0.373320
0.427832
0.252430
0.422574
0.402148
0.438999
0.243461
0.406922
0.363877
0.408935
0.201449
0.333478
0.353112
0.440767
0.244782
0.448383
0.425925
0.444745
0.213563
0.386084
0.357977
0.412934
0.211468
0.355924
0.316343
0.389463
0.215394
0.406604
0.396040
0.456705
0.237364
0.401797
0.389576
0.434336
0.224128
0.392256
0.372880
0.402359
0.182312
0.340424
0.330208
0.366814
0.180174
0.364671
0.335086
0.379947
0.198468
0.357956
0.338753
0.419729
0.213887
0.387042
0.350952
0.419012
0.221775
0.351585
0.324772
0.342303
0.170197
0.355853
0.351504
0.422241
0.208737
0.365981
0.340663
0.418847
0.196931
0.345702
0.349378
0.397122
0.190923
0.339143
0.293021
0.349222
0.162098
0.333710
0.383975
0.432070
0.211122
0.377306
0.385646
0.465928
0.229631
0.387710
0.349742
0.330649
0.195321
0.338025
0.320212
0.388607
0.183481
0.330716
0.326740
0.392180
0.202602
0.363924
0.332653
0.415749
0.182021
0.366169
0.379297
0.440343
0.209053
0.362254
0.340994
0.410597
0.182896
0.337680
0.337850
0.424387
0.207059
0.377366
0.310680
0.382025
0.175099
0.333822
0.314633
0.387466
0.205773
0.410836
0.360607
0.381918
0.215561
0.388717
0.359720
0.418228
0.204199
0.402594
0.379002
0.405862
0.199972
0.346663
0.308206
0.459957
0.240779
0.480787
0.391714
0.446030
0.221444
0.458794
0.442757
0.414634
0.215773
0.396668
0.423520
0.466195
