0.277767
0.263254
0.338562
0.174742
0.341378
0.337709
0.367519
0.152985
0.323230
0.277136
0.359093
0.166505
0.333879
0.328173
0.421126
0.213833
0.358041
0.336793
0.418052
0.217472
0.389203
0.385094
0.436970
0.200255
0.336285
0.341538
0.400370
0.224824
0.390200
0.324250
0.374571
0.230592
0.399988
0.369854
0.471623
0.219147
0.419195
0.398353
0.449376
0.263678
0.395516
0.346963
0.386107
0.227361
0.331411
0.301281
0.345149
0.203352
0.342908
0.334518
0.382756
0.214416
0.311971
0.349336
0.405777
0.215370
0.396923
0.404293
0.460850
0.232376
0.355511
0.345189
0.412921
0.214426
0.399976
0.351355
0.375051
0.218806
0.361209
0.391753
0.442255
0.210942
0.343412
0.327997
0.384313
0.234898
0.453847
0.372337
0.431873
0.223999
0.379203
0.399306
0.452034
0.260571
0.380858
0.319494
0.346085
0.205262
0.367427
0.344492
0.367414
0.200486
0.328682
0.365079
0.464415
0.252363
0.454413
0.453947
0.504075
0.274371
0.361397
0.318963
0.444460
0.273258
0.416566
0.403552
0.438139
0.277221
0.426813
0.394768
0.442104
0.289545
0.418255
0.412222
0.465803
0.279715
0.436355
0.429841
0.460806
0.288493
0.380429
0.363857
0.378293
0.255927
0.409327
0.402511
0.455596
0.311459
0.441525
0.438089
0.494788
0.317955
0.450089
0.452557
0.439593
0.281716
0.419416
0.410606
0.418431
0.286344
0.476915
0.480908
0.533114
0.334098
0.498312
0.477869
0.491161
0.288432
0.481587
0.552281
0.595122
0.368783
0.538142
0.479973
0.520206
0.312477
0.504958
0.483447
0.496208
0.280010
0.419051
0.415036
0.492328
0.268094
0.411648
0.386355
0.495911
0.308285
0.550148
0.554952
0.539325
0.236420
0.430430
0.422808
0.486491
0.240362
0.347855
0.318005
0.435673
0.269491
0.462198
0.458502
0.523455
0.262188
0.451862
0.442106
0.497259
0.242372
0.409853
0.407024
0.456544
0.210136
0.391739
0.350487
0.370109
0.189546
0.367853
0.338842
0.396933
0.189097
0.392889
0.398109
0.460016
0.223486
0.366928
0.325600
0.410010
0.210674
0.375701
0.328842
0.384587
0.192070
0.366163
0.361363
0.427133
0.187978
0.344555
0.345053
0.428640
0.186730
0.358532
0.352565
0.399082
0.225274
0.393574
0.370359
0.363849
0.175697
0.351468
0.363448
0.427578
0.214634
0.359830
0.425308
0.413579
0.248269
0.445724
0.350511
0.345304
0.200484
0.346808
0.315084
0.388566
0.182398
0.327016
0.323040
0.370645
0.200823
0.313709
0.284941
0.342485
0.172123
0.348445
0.397604
0.447409
0.223753
0.362282
0.333419
0.398914
0.179149
0.370065
0.334413
0.415034
0.196238
0.437223
0.363857
0.398596
0.186930
0.321742
0.322463
0.373343
0.206129
0.393234
0.354630
0.422154
0.207338
0.392683
0.424536
0.442772
0.199357
0.458915
0.397809
0.406449
0.208374
0.409637
0.406971
0.465945
0.220019
0.452083
0.443555
0.442261
0.173267
0.334340
0.389587
0.459953
0.261727
0.490150
0.428841
0.485390
