0.039272
0.032577
0.043993
0.024598
0.046376
0.040570
0.045638
0.024806
0.046442
0.034726
0.045790
0.022014
0.047042
0.042485
0.058056
0.031182
0.055611
0.044797
0.058407
0.029483
0.058412
0.053354
0.063066
0.026091
0.050520
0.044947
0.057034
0.029146
0.055170
0.041802
0.053716
0.029951
0.062549
0.052706
0.080653
0.027767
0.070579
0.062933
0.076429
0.036039
0.064846
0.048868
0.056945
0.027735
0.046516
0.037668
0.047025
0.022957
0.049368
0.043910
0.053218
0.026846
0.044477
0.045638
0.057108
0.026164
0.061308
0.055452
0.069021
0.032794
0.052708
0.047954
0.059898
0.026147
0.059171
0.048423
0.052235
0.026711
0.055266
0.056581
0.067778
0.026078
0.050742
0.044558
0.054060
0.031076
0.073545
0.051984
0.065981
0.030812
0.057121
0.056379
0.068227
0.038078
0.059183
0.040294
0.046150
0.027240
0.052351
0.043914
0.044930
0.026334
0.047078
0.050425
0.072098
0.034544
0.071357
0.069957
0.090009
0.040915
0.057982
0.043270
0.075061
0.033880
0.071534
0.064311
0.078299
0.035015
0.078153
0.063133
0.075656
0.036459
0.077313
0.068413
0.085317
0.032587
0.081445
0.068472
0.080434
0.034126
0.064298
0.053200
0.060874
0.027047
0.067298
0.062920
0.079392
0.040822
0.081879
0.075159
0.090582
0.047478
0.074771
0.076218
0.073194
0.041458
0.063644
0.059187
0.063898
0.044328
0.075726
0.081760
0.093099
0.061429
0.086611
0.076448
0.081863
0.047343
0.089165
0.110537
0.129216
0.072522
0.107407
0.086294
0.095431
0.054463
0.095177
0.083235
0.088723
0.047022
0.066210
0.062872
0.081559
0.042798
0.057226
0.053690
0.074871
0.057862
0.097099
0.103333
0.091248
0.040069
0.071774
0.066195
0.074740
0.037483
0.049721
0.040513
0.062349
0.042415
0.075132
0.069762
0.088454
0.046313
0.078938
0.072736
0.087818
0.038795
0.066916
0.057330
0.067235
0.030676
0.056279
0.047381
0.047123
0.025617
0.052735
0.045026
0.050539
0.025295
0.056510
0.053898
0.067613
0.031996
0.051939
0.042633
0.053904
0.029489
0.056311
0.041060
0.051291
0.025094
0.051956
0.047502
0.058157
0.025668
0.047463
0.044563
0.058718
0.025597
0.050276
0.045879
0.053215
0.032353
0.053195
0.044479
0.043493
0.022944
0.047868
0.047658
0.061608
0.029781
0.050150
0.058614
0.057748
0.037884
0.068866
0.048793
0.048965
0.026693
0.047532
0.038996
0.050046
0.023756
0.042846
0.041876
0.048848
0.027518
0.040358
0.033991
0.045115
0.022757
0.047926
0.057373
0.068253
0.036177
0.052455
0.047552
0.058779
0.025880
0.051182
0.044827
0.057946
0.031275
0.066325
0.051993
0.053523
0.029019
0.043390
0.041529
0.048482
0.030379
0.054206
0.049664
0.059205
0.030136
0.056357
0.057378
0.061696
0.030505
0.072826
0.056569
0.056445
0.033918
0.060220
0.059569
0.068763
0.035239
0.070110
0.068331
0.067401
0.026079
0.051063
0.055694
0.070102
0.044880
0.086919
0.069262
0.080454
