0.189564
0.186027
0.241867
0.115363
0.210921
0.197412
0.210406
0.096620
0.210654
0.185162
0.223993
0.111123
0.211736
0.196221
0.273218
0.141034
0.270742
0.235588
0.281407
0.127349
0.255909
0.233004
0.289256
0.122394
0.250852
0.229033
0.276642
0.126469
0.265188
0.208683
0.263843
0.131092
0.276210
0.276137
0.333303
0.148672
0.319427
0.286239
0.331524
0.153677
0.302155
0.250092
0.262376
0.132466
0.253738
0.200609
0.264904
0.118422
0.229990
0.208567
0.262642
0.129734
0.227169
0.236112
0.271929
0.113561
0.268810
0.242095
0.298802
0.136984
0.267884
0.235818
0.267831
0.121154
0.249657
0.228757
0.286869
0.129306
0.260576
0.233488
0.280158
0.119299
0.228898
0.220478
0.258835
0.114522
0.267529
0.224472
0.274677
0.116248
0.257245
0.237889
0.281129
0.141115
0.241716
0.186685
0.225333
0.116468
0.241398
0.205765
0.232933
0.107409
0.240925
0.212721
0.287658
0.115635
0.247698
0.245791
0.325638
0.130423
0.249625
0.235636
0.290049
0.127454
0.279069
0.254243
0.341829
0.153100
0.321903
0.287355
0.319584
0.166544
0.369523
0.293730
0.352276
0.127591
0.284588
0.287968
0.324063
0.149962
0.305064
0.266439
0.302739
0.140878
0.301003
0.259890
0.315296
0.180429
0.305389
0.280529
0.311217
0.183535
0.280385
0.246213
0.262282
0.148427
0.241729
0.223085
0.262922
0.156974
0.289539
0.259056
0.301595
0.164829
0.258701
0.228069
0.277687
0.168217
0.312270
0.312264
0.361252
0.186401
0.300655
0.245439
0.286183
0.160757
0.284452
0.261210
0.301684
0.153724
0.265553
0.230250
0.273224
0.121177
0.207336
0.221050
0.281644
0.156514
0.296787
0.272359
0.295770
0.136471
0.248268
0.222418
0.265378
0.128259
0.224577
0.192174
0.245431
0.132001
0.266871
0.258078
0.305472
0.150925
0.263307
0.251525
0.286657
0.139460
0.255622
0.236263
0.255821
0.107991
0.217815
0.205147
0.228403
0.106550
0.231930
0.206962
0.233644
0.118988
0.222986
0.213346
0.273990
0.127665
0.246811
0.222997
0.271618
0.133171
0.217610
0.198109
0.211947
0.096575
0.226105
0.220980
0.272352
0.127851
0.232051
0.213531
0.268454
0.117316
0.213873
0.219277
0.250926
0.112930
0.208507
0.175558
0.206784
0.093064
0.205060
0.250592
0.280091
0.130231
0.243601
0.242479
0.307854
0.142358
0.248805
0.217508
0.212399
0.115931
0.209143
0.202896
0.248118
0.108375
0.203034
0.206998
0.249114
0.123528
0.221932
0.208744
0.270638
0.108891
0.236583
0.244443
0.294347
0.126391
0.226934
0.211116
0.263406
0.112964
0.208125
0.208071
0.277881
0.133326
0.243312
0.186071
0.231855
0.109740
0.205988
0.190642
0.235769
0.132147
0.262349
0.226211
0.239549
0.136071
0.242923
0.224035
0.257656
0.131469
0.257409
0.240781
0.260397
0.127916
0.213750
0.187130
0.301451
0.155646
0.308276
0.246068
0.290618
0.148141
0.303702
0.277072
0.271302
0.142156
0.255303
0.276069
0.307352
