0.162200
0.155896
0.206020
0.099246
0.206604
0.204014
0.222956
0.094241
0.201111
0.165249
0.218730
0.095782
0.203334
0.200400
0.266341
0.130902
0.230655
0.208004
0.267745
0.127587
0.245782
0.241642
0.284265
0.119500
0.215308
0.209173
0.253318
0.134947
0.247886
0.202373
0.249066
0.137422
0.266785
0.237054
0.327400
0.132078
0.272502
0.262114
0.310043
0.163748
0.259565
0.220139
0.253060
0.136188
0.210248
0.182327
0.217734
0.117356
0.220220
0.208265
0.247831
0.125597
0.194745
0.220949
0.262709
0.125122
0.258777
0.253934
0.304483
0.146249
0.225679
0.218471
0.272257
0.126763
0.256759
0.225942
0.244523
0.129713
0.232264
0.248372
0.290695
0.127518
0.218538
0.212179
0.246851
0.142716
0.302683
0.240926
0.293817
0.134378
0.248008
0.249287
0.293808
0.161521
0.249306
0.189029
0.218426
0.122311
0.228185
0.210279
0.222739
0.120430
0.212259
0.238038
0.319032
0.151558
0.304148
0.303614
0.371608
0.168773
0.242320
0.203032
0.317339
0.162099
0.292278
0.268839
0.310901
0.169556
0.297770
0.262287
0.299818
0.183251
0.284666
0.274215
0.326776
0.177577
0.299908
0.287712
0.321195
0.183382
0.246757
0.232861
0.250335
0.152861
0.261730
0.261894
0.302295
0.202099
0.292291
0.291341
0.339453
0.203072
0.288976
0.294362
0.291053
0.171175
0.259521
0.248928
0.274513
0.171303
0.306334
0.307809
0.358725
0.217976
0.324473
0.310777
0.340886
0.169693
0.325132
0.383132
0.438576
0.229667
0.365946
0.311404
0.354569
0.188198
0.341843
0.313751
0.337410
0.168083
0.262774
0.264283
0.335431
0.161363
0.243063
0.234767
0.325679
0.201164
0.369773
0.394030
0.357988
0.143837
0.279254
0.270292
0.319446
0.145635
0.213661
0.186957
0.281834
0.163798
0.303085
0.284336
0.353350
0.171988
0.309071
0.289332
0.346966
0.152766
0.261152
0.254517
0.300410
0.124947
0.249148
0.217093
0.224686
0.111019
0.227132
0.221368
0.240053
0.107913
0.241945
0.253756
0.298708
0.129972
0.222067
0.195564
0.247635
0.124702
0.234840
0.195810
0.236253
0.109146
0.225181
0.220693
0.262245
0.110599
0.209100
0.210199
0.268462
0.110415
0.219821
0.220304
0.254631
0.130784
0.241041
0.220327
0.222713
0.100229
0.212915
0.226557
0.285722
0.122262
0.212876
0.265624
0.266329
0.150247
0.278531
0.222732
0.217079
0.112305
0.205112
0.185678
0.231712
0.105206
0.198438
0.198141
0.229648
0.113327
0.185065
0.167888
0.212872
0.097582
0.211220
0.247476
0.294406
0.137443
0.223589
0.207348
0.261506
0.105763
0.229361
0.203102
0.255499
0.121183
0.271876
0.228052
0.248158
0.112932
0.190503
0.194498
0.223014
0.122581
0.235174
0.225797
0.267978
0.122982
0.247538
0.259721
0.284143
0.120570
0.299022
0.238884
0.256168
0.129498
0.256087
0.265805
0.296359
0.135213
0.293817
0.284556
0.288845
0.103291
0.212968
0.240789
0.301035
0.161918
0.332502
0.276461
0.324156
