0.079248
0.074015
0.101505
0.050133
0.104304
0.096814
0.110489
0.052378
0.104856
0.081263
0.109793
0.048366
0.107011
0.098706
0.135635
0.068269
0.126014
0.105607
0.140856
0.064772
0.133848
0.126092
0.151742
0.059490
0.112898
0.105590
0.134380
0.066867
0.128185
0.099644
0.129912
0.069139
0.140220
0.120854
0.180139
0.064981
0.147939
0.138136
0.171822
0.081919
0.139592
0.110756
0.133170
0.066631
0.106216
0.089174
0.113395
0.055339
0.112725
0.102384
0.124344
0.062337
0.103225
0.110806
0.137282
0.061397
0.138092
0.127574
0.162039
0.074400
0.120511
0.111127
0.143441
0.061222
0.137619
0.113514
0.129250
0.061907
0.121625
0.126409
0.155659
0.061094
0.115002
0.104762
0.126516
0.071629
0.166003
0.123619
0.160099
0.067990
0.129332
0.131073
0.160566
0.084871
0.131957
0.093834
0.109950
0.062464
0.119675
0.107966
0.114536
0.058986
0.111721
0.122724
0.174071
0.076827
0.162305
0.163014
0.210884
0.090488
0.128568
0.103483
0.177963
0.080251
0.158641
0.143335
0.175110
0.084252
0.163894
0.137071
0.166213
0.089840
0.158527
0.147344
0.179931
0.082923
0.165862
0.151235
0.174125
0.088001
0.132978
0.118672
0.133476
0.070721
0.136694
0.136277
0.165946
0.100675
0.157841
0.152369
0.185683
0.104466
0.152599
0.154007
0.152375
0.086659
0.132036
0.126484
0.138884
0.089227
0.157031
0.165216
0.192763
0.119507
0.173640
0.159965
0.179294
0.093996
0.182612
0.220310
0.266224
0.135350
0.209348
0.174863
0.203395
0.106595
0.191593
0.175424
0.193745
0.093063
0.140920
0.138592
0.183391
0.086098
0.127488
0.122416
0.173458
0.112820
0.206908
0.217430
0.199556
0.081577
0.154369
0.147681
0.170282
0.077647
0.111445
0.094207
0.146688
0.088218
0.167204
0.152217
0.200022
0.094425
0.172238
0.157378
0.194481
0.081371
0.146019
0.131317
0.157218
0.065764
0.129953
0.111199
0.115984
0.056104
0.118863
0.109934
0.123082
0.055198
0.125302
0.129686
0.161148
0.068069
0.118286
0.097714
0.129572
0.064357
0.127643
0.099655
0.123485
0.054893
0.118868
0.113376
0.138294
0.055419
0.109845
0.103269
0.139994
0.055413
0.114956
0.107069
0.129680
0.068354
0.124323
0.106642
0.109108
0.049896
0.111331
0.117179
0.146660
0.063969
0.114365
0.136107
0.138119
0.079561
0.152297
0.112352
0.114082
0.057570
0.106318
0.095272
0.121227
0.051944
0.099064
0.102122
0.120221
0.058695
0.093536
0.083179
0.107762
0.048158
0.108386
0.130957
0.156526
0.074688
0.117080
0.104406
0.136428
0.055032
0.118809
0.102815
0.133024
0.065240
0.141821
0.116969
0.124211
0.060045
0.098423
0.097501
0.113700
0.063904
0.120261
0.116259
0.136830
0.064518
0.128346
0.134450
0.146688
0.063744
0.159466
0.125433
0.131066
0.069241
0.136295
0.132694
0.156086
0.072131
0.157216
0.150107
0.153716
0.054623
0.111999
0.122909
0.158837
0.090617
0.185708
0.152865
0.181671
