1.000048
0.999984
0.812390
0.278394
0.219854
0.422315
0.067634
0.067414
0.193788
0.071918
0.176357
0.133007
0.120009
0.117156
0.183795
0.776676
1.000025
0.999981
0.999619
0.694204
0.999834
0.854945
0.122240
0.167477
0.999980
0.998505
0.999995
0.981269
0.180415
0.408546
0.208133
0.127786
0.460282
0.999617
0.999987
0.878035
0.976354
0.149836
0.129501
0.114127
0.096647
0.229647
0.999977
0.664771
0.999989
0.998629
0.359578
0.104202
0.438370
0.205852
0.231753
0.189285
0.311307
0.319697
0.890813
0.666152
0.567829
0.858024
0.909766
0.801879
0.996588
1.000008
0.886669
0.955508
0.999984
0.999082
0.088347
0.604025
0.950467
0.877310
0.844975
0.849592
0.947318
0.950466
0.980067
0.906759
0.964130
0.961495
0.978220
0.969257
0.998268
0.990920
0.985158
0.947387
0.984488
0.961201
0.972142
0.976868
0.977253
0.967439
0.975452
0.966978
0.957077
0.949883
0.936218
0.956294
0.962663
0.948383
0.953554
0.956706
0.942561
0.956076
0.934832
0.917801
0.950956
0.952708
0.962527
0.956703
0.960023
0.964652
0.932611
0.956652
0.964543
0.999887
1.000001
0.997257
0.999996
0.999992
1.000000
0.999999
1.000003
0.936466
0.140862
0.195035
0.895401
0.972549
0.725512
0.146158
0.700551
0.271049
0.970411
0.723168
0.998549
0.301364
0.976266
0.767038
0.992659
0.970600
0.973584
0.790629
1.010372
0.350659
1.000927
0.958824
0.894222
0.997480
1.000004
0.974539
1.000001
1.000017
0.999944
0.989448
1.000438
1.003110
0.617618
0.912019
1.005935
0.993719
0.126532
0.591849
0.346816
0.975561
0.972191
0.895894
1.011614
0.979313
0.999972
0.975885
1.000010
0.610326
0.764048
0.713498
0.916265
0.847477
0.883049
0.859444
0.918205
0.926008
0.997463
0.942466
0.947831
0.942733
0.951415
0.993510
0.999983
0.949565
0.860185
0.837089
0.999964
0.930952
0.911369
0.938763
0.058029
0.989989
0.999997
0.900031
0.359462
0.905518
0.918254
0.606744
0.959453
0.958700
0.982282
0.659571
0.949827
1.000494
1.000000
0.912776
1.000001
1.000000
1.000082
0.971290
1.001612
1.000000
1.000000
0.926716
0.892867
0.924578
0.935065
0.945224
0.914687
0.912449
0.921809
0.908656
0.759751
0.877838
0.999980
0.875027
0.879343
0.870238
0.906590
0.845114
0.857434
0.909137
0.922445
0.985969
0.999986
0.930011
0.918274
0.917635
0.922512
0.919844
0.921352
0.848867
0.918712
0.954647
0.999930
0.996920
0.959285
0.036455
1.004321
0.489875
0.639273
0.884974
0.949098
0.727336
0.997999
0.971979
0.981192
0.746319
0.973735
0.999861
0.999363
0.951042
0.985216
1.000136
0.988040
0.970215
0.994686
0.999995
0.999941
0.990509
1.000938
1.000000
0.999996
0.992481
0.999999
1.000003
0.999992
0.995691
1.000330
0.985791
0.975158
0.082622
0.420060
0.327995
0.979183
0.694736
0.971953
0.956515
0.981124
0.841452
0.882083
0.892575
0.928340
0.918646
0.820386
0.922569
0.950631
