0.981210
0.987809
0.325974
0.045453
0.024107
0.056111
0.005551
0.007865
0.016685
0.004741
0.009992
0.016328
0.010054
0.010093
0.015631
0.934353
0.999895
1.000562
0.957259
0.537433
0.998175
0.275149
0.008771
0.013187
0.999972
0.986259
0.999937
0.982251
0.013690
0.041227
0.016493
0.009238
0.046457
0.985918
0.999869
0.963788
0.727223
0.011108
0.008771
0.008334
0.004400
0.012601
0.999815
0.935681
0.999933
0.943603
0.032329
0.007777
0.048889
0.014486
0.019170
0.016584
0.028751
0.029349
0.317530
0.136824
0.063796
0.404265
0.376420
0.349435
0.951877
0.998964
0.338712
0.922404
1.000018
0.983112
0.003876
0.448298
0.500258
0.251022
0.245787
0.311957
0.489497
0.385772
0.770166
0.652283
0.592355
0.605430
0.676700
0.821705
0.948396
0.828966
0.766097
0.583894
0.752688
0.607489
0.641498
0.794664
0.675733
0.658816
0.690982
0.677155
0.543952
0.525513
0.459096
0.598460
0.590464
0.511819
0.554340
0.581530
0.478792
0.570012
0.446888
0.409110
0.517799
0.544819
0.600522
0.585403
0.577760
0.617252
0.439682
0.586356
0.596501
0.999575
0.999979
0.997855
1.000021
1.000008
0.999979
0.963373
0.999206
0.437380
0.005868
0.013487
0.248268
0.492967
0.108938
0.009362
0.099685
0.018717
0.526714
0.163818
0.650287
0.021964
0.626421
0.219884
0.737380
0.748378
0.668223
0.223841
1.004896
0.030743
0.820988
0.774471
0.300458
0.985792
0.999956
0.992834
0.998998
0.997670
0.995894
0.878616
0.992547
0.998701
0.070444
0.505696
0.999844
1.000093
0.006061
0.670569
0.032057
0.989584
0.799653
0.970379
0.999330
0.961331
0.998638
0.937031
0.998998
0.083939
0.143759
0.139697
0.324991
0.269216
0.293140
0.296665
0.369721
0.421085
1.000251
0.556607
0.500198
0.498908
0.540621
0.998022
0.999980
0.514208
0.260393
0.242123
0.999977
0.445339
0.361370
0.509414
0.002669
0.946946
0.999958
0.752293
0.017596
0.407333
0.301388
0.386105
0.551669
0.570760
0.693890
0.490809
0.526314
0.983977
0.999461
0.492463
0.997822
0.996994
0.998070
0.809815
0.948822
0.992674
1.000000
0.452058
0.281103
0.358394
0.407255
0.488964
0.321051
0.311920
0.384267
0.348222
0.124475
0.287253
0.999901
0.256087
0.251997
0.244889
0.314321
0.209677
0.216507
0.318148
0.349123
0.993982
0.999676
0.378604
0.348668
0.358146
0.359094
0.355222
0.356106
0.217822
0.346572
0.505061
0.999780
0.993447
0.520363
0.001108
0.906556
0.053700
0.067578
0.388599
0.372350
0.452494
0.951258
0.641156
0.747146
0.545970
0.626337
0.992579
0.988036
0.637994
0.767917
0.935634
0.805369
0.790783
0.901995
0.999694
0.998831
0.923678
1.000443
0.999021
1.000012
0.971744
0.998868
0.999867
1.000001
0.998339
0.998781
0.758586
0.641566
0.003722
0.025857
0.017617
0.606238
0.466871
0.557942
0.572601
0.703428
0.584401
0.246767
0.281714
0.360555
0.427926
0.151740
0.385576
0.439741
