0.000016
0.007301
0.001858
0.005385
0.028358
0.030819
0.034788
0.017261
0.062902
0.089017
0.064255
0.493490
1.001584
0.998262
0.998722
0.512384
1.000011
1.000001
1.000575
0.974212
1.000447
0.998595
1.001824
0.985520
1.000000
1.000000
0.003161
0.452776
1.002233
1.022889
1.020041
0.745445
1.101841
1.040327
1.146425
0.613338
1.002566
0.895893
1.102965
0.464543
1.079750
0.878934
1.041865
0.543332
1.000000
0.998224
1.000000
0.979067
1.000000
1.000000
1.000000
0.981667
1.000000
1.000000
1.000000
0.994056
1.000000
1.000000
1.000000
0.995402
1.000000
1.000000
1.000000
0.492654
0.322298
0.270232
0.420492
0.027793
0.222009
0.413680
0.486613
0.213840
0.669647
0.267632
0.018577
0.009434
0.023596
0.035550
0.047597
0.024012
0.124787
0.286560
0.243298
0.048483
0.361931
0.124957
0.075616
0.031667
0.242330
0.089146
0.437571
0.420903
1.000000
1.000000
1.000000
0.392029
1.000000
1.000000
1.000000
0.938895
1.000000
1.000000
0.999971
0.531669
0.344799
0.242380
0.341649
0.192716
0.326553
0.276620
0.309791
0.086388
0.236865
0.209565
0.301694
0.077610
0.229570
0.203609
0.230990
0.088271
0.283139
0.296934
0.446672
0.221041
0.776591
0.509127
0.172221
0.063966
0.274098
0.247511
0.165523
0.043802
0.071245
0.411194
1.000000
0.812999
1.000000
0.990168
1.000000
0.495733
1.000000
1.000000
1.000000
0.292778
0.630144
0.305964
0.282280
0.104894
0.137368
0.178367
0.116859
0.052159
0.097637
0.101651
0.131543
0.052661
0.177145
0.137598
0.153191
0.063416
0.118563
0.106480
0.110971
0.018334
0.035542
0.015880
0.016089
0.004694
0.022967
0.008223
0.014265
0.013128
0.100837
0.019086
0.080760
0.302566
1.000000
1.000000
1.000000
0.312726
0.999392
1.000000
1.000000
0.907348
0.999964
0.995698
1.000000
0.940085
1.000000
1.000000
0.443340
0.068594
0.107209
0.181775
0.345814
0.073189
0.183161
0.231403
0.259584
0.096426
0.259747
0.184008
0.223709
0.075921
0.238455
0.175298
0.212842
0.119338
0.178397
0.193935
0.283215
0.111488
0.436813
0.724182
0.998402
0.660317
1.000000
0.985870
1.000000
0.643780
1.000000
0.003142
1.000000
0.876424
1.000000
1.000000
1.000000
0.789842
1.000000
1.000000
1.000000
0.979346
1.000000
1.000000
1.000000
0.991547
1.000000
1.000000
1.000000
0.994725
1.000000
1.000000
1.000000
0.999744
1.000000
1.000000
1.000000
1.000000
1.000000
1.000000
1.000000
1.000000
0.194234
0.160111
0.154654
0.122643
0.221384
0.253260
0.250889
0.146728
0.286410
0.334359
0.079473
0.011980
0.019042
0.025900
0.033463
0.021757
0.041968
0.140767
0.272156
0.134168
0.269568
0.157082
0.162489
0.141368
0.090844
0.065143
0.212957
0.211736
1.000000
1.000000
1.000000
0.353691
1.000000
1.000000
1.000000
0.933755
1.000000
1.000000
1.000000
0.961148
1.000000
1.000000
1.000000
0.860140
0.087417
0.051640
0.055463
0.022118
0.031910
0.036088
0.040430
0.022092
0.046502
0.047917
0.058338
0.017110
0.044490
0.059443
0.088863
0.022368
0.058917
0.056770
0.078551
0.022926
0.029072
0.059579
0.100906
0.406171
0.935197
0.998136
0.997085
0.291565
1.000000
1.000000
1.000000
0.942643
1.000000
1.000000
1.000000
0.967406
1.000000
1.000000
0.997183
0.487463
0.707273
0.703867
0.844629
0.320009
0.730964
0.704790
0.892368
0.359691
0.992187
0.849798
1.128105
0.330082
0.910021
0.829134
1.159176
0.355303
0.985364
0.822355
1.088954
0.381055
1.011538
0.833429
1.071475
0.387200
1.003577
0.836050
1.128890
0.371784
0.954808
0.893223
1.118329
0.487630
1.000000
1.000000
1.000000
0.928855
1.000000
1.000000
1.000000
0.962120
0.963566
0.733722
0.671128
0.435848
0.476912
0.586105
0.542441
0.203849
0.532042
0.495734
0.663622
0.204323
0.488030
0.543822
0.822904
0.260504
0.682414
0.737298
0.988268
0.261380
0.710721
0.850154
0.915454
0.442811
0.887431
0.878613
0.987366
0.689800
0.998884
0.990706
1.000011
0.852646
0.973032
0.932452
0.827048
0.708939
0.673316
0.680341
0.522792
0.329984
0.355454
0.544522
0.549552
0.572502
0.516838
0.570435
0.772550
0.532480
0.793037
0.907700
0.888506
0.921958
0.985190
0.994793
0.988846
0.981115
1.000333
0.984077
0.994911
0.993010
1.004422
0.991049
0.998354
0.997752
1.000414
1.001833
1.001963
0.991391
1.001919
1.002499
1.003859
0.989073
1.001630
1.003184
1.004030
0.990125
1.002287
1.004199
1.004906
0.988891
1.000000
1.000000
1.000000
0.999875
1.000000
1.000000
1.000000
1.000000
1.000000
1.000000
1.000000
1.000000
1.000000
1.000000
1.000000
1.000000
1.000000
0.010758
1.000000
0.830604
1.000000
0.955718
0.635874
0.406559
0.555932
0.596268
0.576000
0.527484
0.614590
0.894189
0.940970
0.724411
0.915444
0.899769
0.934434
0.729869
0.918194
0.967264
1.000000
0.485246
0.307707
0.329033
0.318641
