0.000008
0.007048
0.000861
0.002392
0.013233
0.016754
0.019708
0.009367
0.034970
0.048027
0.033222
0.530265
1.000032
0.998585
0.997341
0.520148
0.995317
0.997902
0.999221
0.975153
0.997145
0.993411
1.001395
0.990588
1.000000
1.000000
0.001232
0.411437
1.006296
1.024865
1.024720
0.747004
1.092176
1.061176
1.137016
0.427391
0.669149
0.716502
0.955939
0.358172
0.864533
0.671300
0.871107
0.504998
1.000000
0.986826
1.000000
0.910204
1.000000
0.998418
1.000000
0.978414
1.000000
1.000000
1.000000
0.989815
1.000000
1.000000
1.000000
0.996961
1.000000
1.000000
1.000000
0.319132
0.189365
0.143860
0.244267
0.013327
0.122626
0.247484
0.287902
0.114656
0.490279
0.154557
0.009519
0.004063
0.011709
0.015524
0.021046
0.009508
0.061422
0.149889
0.135439
0.019660
0.192773
0.057434
0.033702
0.013572
0.126528
0.040987
0.243533
0.292066
1.000000
1.000000
1.000000
0.379215
1.000000
1.000000
1.000000
0.952930
1.000000
1.000000
1.000000
0.318444
0.175039
0.117417
0.184172
0.093390
0.166060
0.138565
0.152601
0.041681
0.115694
0.103039
0.149538
0.036125
0.112107
0.103250
0.110481
0.039439
0.143795
0.155883
0.259887
0.128463
0.542634
0.225630
0.067938
0.033638
0.140621
0.123197
0.077619
0.019533
0.033263
0.248668
0.998547
0.744500
1.000000
0.978446
0.995921
0.418490
1.000000
0.997030
1.000000
0.136451
0.430903
0.191140
0.182798
0.052433
0.083648
0.102258
0.061731
0.020421
0.048596
0.047349
0.062091
0.018618
0.082051
0.059184
0.067638
0.024321
0.048974
0.042326
0.041633
0.006206
0.011136
0.004943
0.004091
0.001337
0.007542
0.002799
0.005188
0.004942
0.047874
0.008425
0.035837
0.179279
0.999601
0.988807
1.000000
0.369750
1.000000
0.994106
1.000000
0.921690
0.995229
0.992216
1.000000
0.956001
1.000000
1.000000
0.218667
0.028317
0.038705
0.066754
0.134016
0.031957
0.072772
0.100450
0.105161
0.043437
0.111788
0.076128
0.092852
0.035268
0.107031
0.077279
0.093870
0.060306
0.082360
0.094464
0.139868
0.059749
0.269463
0.609540
0.999301
0.767163
0.999313
0.989324
0.992580
0.582991
1.000000
0.001379
1.000000
0.913634
1.000000
1.000000
1.000000
0.848196
1.000000
1.000000
1.000000
0.991167
1.000000
1.000000
1.000000
0.995171
1.000000
1.000000
1.000000
0.996869
1.000000
1.000000
1.000000
1.000000
1.000000
1.000000
1.000000
1.000000
1.000000
1.000000
1.000000
1.000000
0.114914
0.091071
0.095342
0.066668
0.130166
0.161247
0.151900
0.080293
0.184244
0.215116
0.044675
0.005650
0.009907
0.012095
0.015582
0.008431
0.019048
0.066519
0.138397
0.059456
0.140230
0.076208
0.081201
0.071237
0.043705
0.031929
0.112439
0.096121
1.000000
1.000000
1.000000
0.376732
1.000000
0.995066
1.000000
0.955528
1.000000
1.000000
1.000000
0.964058
1.000000
1.000000
1.000000
0.744325
0.040151
0.022135
0.025484
0.009016
0.011777
0.014587
0.016012
0.008388
0.018267
0.017849
0.020233
0.006433
0.015993
0.021830
0.035190
0.008225
0.024201
0.023090
0.027089
0.007733
0.010157
0.020035
0.034177
0.273683
0.866881
0.995308
1.000000
0.342010
1.000000
1.000000
1.000000
0.925721
1.000000
1.000000
1.000000
0.962147
1.000000
1.000000
0.999812
0.263776
0.384017
0.530021
0.653139
0.212844
0.432419
0.496293
0.681599
0.291138
0.742394
0.715931
0.996854
0.237495
0.629806
0.672871
0.969066
0.275322
0.776473
0.693025
0.919185
0.253185
0.724531
0.669638
0.893794
0.301501
0.773035
0.692467
0.968738
0.256327
0.670076
0.761052
0.995246
0.440304
1.000000
1.000000
1.000000
0.750884
1.000000
1.000000
1.000000
0.956631
0.827263
0.513336
0.446162
0.253486
0.303187
0.386560
0.380006
0.122890
0.338106
0.284949
0.393595
0.153802
0.300767
0.335835
0.548951
0.219421
0.464165
0.503135
0.763677
0.230919
0.529683
0.663949
0.719082
0.372187
0.750744
0.766486
0.909060
0.593474
0.972331
0.990926
1.000051
0.762223
0.951301
0.831509
0.659117
0.510994
0.459340
0.460516
0.318232
0.168707
0.187476
0.332226
0.331996
0.356060
0.304093
0.355221
0.586467
0.321707
0.618303
0.798870
0.771176
0.838221
0.968858
0.976267
0.975606
0.948931
0.997092
0.977827
0.993143
0.983075
1.002398
0.986793
0.996706
0.992833
1.001041
1.001332
1.004139
0.984831
1.002401
1.003468
1.005721
0.980516
1.002470
1.005245
1.006836
0.977059
1.003140
1.006437
1.007547
0.978557
1.000000
1.000000
1.000000
0.999489
1.000000
1.000000
1.000000
1.000000
1.000000
1.000000
1.000000
1.000000
1.000000
1.000000
1.000000
1.000000
1.000000
0.003861
0.999717
0.815847
1.000000
0.910245
0.376170
0.367230
0.342253
0.399939
0.373510
0.361511
0.402164
0.754805
0.805793
0.654491
0.790777
0.776570
0.797792
0.655914
0.796513
0.905958
1.000000
0.303781
0.164462
0.177897
0.175862
