0.000000
0.000328
0.000086
0.000663
0.002981
0.003816
0.004588
0.002863
0.009097
0.012405
0.008401
0.656147
0.989622
0.988828
0.986275
0.441711
0.976210
0.980126
0.974341
0.970460
0.982242
0.969949
0.998148
0.997865
1.000000
1.000000
0.000098
0.729466
1.008672
1.028418
1.002533
0.681356
1.087757
1.026940
1.015290
0.110941
0.134072
0.207974
0.308796
0.183141
0.321357
0.253313
0.331804
0.553704
1.000000
0.998100
1.000000
0.589686
1.000000
0.991560
1.000000
0.989430
1.000869
0.999701
1.000890
0.991108
1.000829
1.000000
1.000825
0.996020
1.000000
1.000000
1.000000
0.063541
0.036710
0.024805
0.053862
0.002504
0.024504
0.054527
0.064344
0.023824
0.140894
0.029796
0.001645
0.000737
0.001885
0.001864
0.002731
0.001396
0.009726
0.024200
0.022404
0.003247
0.037474
0.009035
0.005100
0.002560
0.026139
0.006592
0.045022
0.099184
0.997286
0.982047
1.000000
0.393705
1.000000
0.991592
1.000000
0.985654
1.000000
0.997593
0.997113
0.077597
0.034036
0.021545
0.034246
0.019335
0.025834
0.021273
0.022042
0.007755
0.015854
0.012785
0.018947
0.006027
0.016011
0.013117
0.014507
0.006428
0.022126
0.020448
0.041933
0.027120
0.079302
0.021793
0.005870
0.007730
0.027325
0.022933
0.013063
0.003980
0.006270
0.056288
1.000000
0.795563
1.000000
0.719826
0.991322
0.529816
0.999418
0.999708
1.000000
0.024647
0.069785
0.031817
0.037874
0.011251
0.014222
0.015179
0.007841
0.003024
0.006220
0.004667
0.005938
0.002608
0.008200
0.005581
0.006148
0.003469
0.004406
0.003336
0.003328
0.000842
0.000840
0.000322
0.000264
0.000160
0.000515
0.000200
0.000422
0.000701
0.006309
0.000913
0.004119
0.063827
0.973749
0.981075
1.000000
0.422606
0.999582
0.993211
1.000000
0.964724
0.999563
0.995092
1.000000
0.974459
1.000000
0.997935
0.041912
0.005683
0.004357
0.007149
0.012908
0.006062
0.008485
0.013735
0.012484
0.009329
0.017015
0.012081
0.012890
0.008068
0.017029
0.014092
0.015757
0.016543
0.015405
0.019860
0.029417
0.019454
0.090364
0.387485
1.000000
0.860383
1.000000
0.757457
0.997264
0.598859
1.000000
0.000306
1.000000
0.998303
1.000000
0.999847
1.000000
0.923991
1.000000
1.000000
1.000000
0.998508
1.000000
1.000000
1.000000
0.999774
1.000000
1.000000
1.000000
0.999910
1.000000
1.000000
1.000000
1.000000
1.000000
1.000000
1.000000
1.000000
1.000000
1.000000
1.000000
1.000000
0.019416
0.017141
0.018794
0.017313
0.029369
0.032982
0.030588
0.024490
0.041212
0.048554
0.008414
0.001393
0.001814
0.001803
0.002131
0.001696
0.003254
0.010523
0.024617
0.011722
0.027720
0.013045
0.014373
0.015408
0.008402
0.005238
0.020494
0.020923
0.996112
0.988380
1.000000
0.403726
1.000000
0.989434
1.000000
0.985422
1.000000
0.998282
1.000000
0.987890
1.000000
1.000014
1.000000
0.393593
0.007268
0.003884
0.004216
0.001731
0.001745
0.001573
0.001676
0.001401
0.001901
0.001795
0.002119
0.000993
0.001961
0.002326
0.003561
0.001154
0.003083
0.002471
0.003321
0.001257
0.001564
0.002573
0.005145
0.087578
0.539510
0.974780
1.000000
0.529183
1.000000
0.998227
1.000000
0.783486
0.998217
1.000000
1.000000
0.959934
1.000000
1.000000
0.885486
0.074523
0.097212
0.144715
0.169809
0.102551
0.151066
0.128214
0.165158
0.213948
0.282889
0.264509
0.424518
0.152219
0.266299
0.233434
0.423040
0.135811
0.360573
0.269278
0.382136
0.147315
0.332475
0.263958
0.363993
0.167786
0.359391
0.289069
0.467389
0.127190
0.278590
0.336387
0.462278
0.494189
0.996696
1.000000
1.000000
0.612880
1.000000
1.000000
1.000000
0.935542
0.459390
0.182546
0.149741
0.083697
0.096386
0.108691
0.093576
0.040211
0.103198
0.067266
0.095965
0.054745
0.081825
0.078780
0.135568
0.094415
0.137252
0.147760
0.272470
0.118164
0.196473
0.268853
0.274390
0.211117
0.405856
0.408942
0.611228
0.577150
0.878992
0.962420
1.000014
0.474940
0.811424
0.436030
0.249450
0.159858
0.133324
0.131402
0.082152
0.035654
0.042166
0.087009
0.087440
0.093326
0.074530
0.093320
0.217333
0.080573
0.236803
0.421557
0.397005
0.507547
0.842254
0.881464
0.853676
0.831528
0.970489
0.920899
0.977414
0.926596
0.978251
0.950933
0.999155
0.961219
0.993697
0.984614
0.997569
0.965783
0.993292
0.990127
0.997436
0.961176
0.995177
0.990260
0.995641
0.961932
0.997803
0.989043
1.000094
0.976354
1.000000
1.000000
1.000000
0.999686
1.000000
1.000000
1.000000
1.000000
1.000000
1.000000
1.000000
1.000000
1.000000
1.000000
1.000000
1.000000
1.000000
0.000381
1.000000
0.948722
1.000000
0.601635
0.066555
0.143441
0.086330
0.107271
0.096007
0.105908
0.112677
0.324814
0.381699
0.380774
0.389256
0.364024
0.386097
0.376511
0.407690
0.616765
1.000000
0.082639
0.036589
0.040294
0.038972
