0.999624
0.999938
0.345605
0.048633
0.029271
0.069717
0.007416
0.010087
0.025753
0.008074
0.019108
0.022870
0.015067
0.015126
0.023574
0.877055
0.999999
0.999926
0.997247
0.695652
0.998853
0.419881
0.016670
0.024980
1.000018
0.992628
0.999911
0.981531
0.026240
0.077591
0.033008
0.018373
0.093637
0.992425
0.999912
0.909074
0.840350
0.021926
0.018088
0.016669
0.010622
0.030089
0.999939
0.813480
0.999982
0.981329
0.066435
0.014825
0.088792
0.029303
0.036802
0.031168
0.055696
0.058067
0.490912
0.234592
0.127664
0.556503
0.549887
0.499854
0.970505
1.000055
0.502535
0.909655
0.999901
0.991050
0.009811
0.526036
0.682746
0.421114
0.413060
0.483614
0.669727
0.586802
0.879975
0.766010
0.752715
0.762031
0.816405
0.898862
0.978262
0.908647
0.873325
0.741754
0.864919
0.761729
0.789780
0.886456
0.813940
0.801128
0.822426
0.813456
0.714507
0.697067
0.638567
0.755686
0.750265
0.686362
0.721785
0.742420
0.657519
0.733127
0.627887
0.590183
0.691698
0.713099
0.758230
0.745580
0.740779
0.770450
0.621314
0.745949
0.755868
0.999531
0.999995
0.998428
1.000003
1.000006
1.000009
0.993581
0.999994
0.626954
0.014669
0.029898
0.431357
0.687808
0.220208
0.020405
0.199155
0.041921
0.715002
0.297638
0.802798
0.048573
0.793191
0.376401
0.861856
0.870693
0.818559
0.369231
1.003737
0.062424
0.905783
0.874342
0.478860
0.985270
1.000008
0.987368
0.999996
0.999968
0.999067
0.928386
0.993889
0.999605
0.143294
0.685481
0.999955
1.000376
0.015953
0.566747
0.065760
0.976705
0.880770
0.927472
0.993182
0.976821
0.999957
0.933957
0.999933
0.156920
0.261527
0.247800
0.505141
0.430282
0.460941
0.460327
0.547839
0.595342
1.000018
0.717914
0.673642
0.670485
0.707078
0.995129
0.998799
0.684952
0.419946
0.394130
1.000001
0.621918
0.537026
0.678393
0.008287
0.953346
0.999067
0.735788
0.056166
0.666589
0.578898
0.639538
0.789511
0.794529
0.872778
0.426166
0.693265
0.997820
1.000000
0.665667
0.999667
0.998703
0.999842
0.926985
0.982585
0.995739
1.000000
0.656160
0.485056
0.574797
0.622321
0.693579
0.532551
0.520965
0.598949
0.557401
0.255255
0.488246
0.999953
0.450294
0.447475
0.436991
0.522386
0.388493
0.399897
0.527866
0.563726
0.991286
0.999632
0.593119
0.562046
0.569135
0.573019
0.568938
0.568671
0.397547
0.558552
0.708366
0.999838
0.994252
0.722155
0.003141
0.970693
0.126361
0.193464
0.520642
0.639880
0.621892
0.982971
0.825355
0.890356
0.559528
0.802152
0.991754
0.999187
0.774029
0.876844
0.970889
0.901094
0.878079
0.952241
0.997910
0.999547
0.982657
1.007827
0.996888
0.999934
0.973291
0.999490
0.999991
1.000006
0.993945
0.999816
0.878993
0.805152
0.009094
0.062910
0.042931
0.792119
0.611860
0.756528
0.765382
0.853247
0.671753
0.431275
0.476766
0.568103
0.629249
0.300752
0.589151
0.648818
