0.999860
0.999976
0.599246
0.120070
0.080987
0.182245
0.023619
0.026658
0.071240
0.024060
0.058918
0.058539
0.044111
0.044133
0.067316
0.829226
0.999998
1.000018
0.998670
0.665257
0.999429
0.660945
0.044386
0.063568
0.999943
0.997044
1.000003
0.979168
0.067575
0.184026
0.082391
0.047750
0.222505
0.998348
0.999962
0.869451
0.931791
0.055725
0.048253
0.042499
0.033273
0.088504
0.999981
0.702622
0.999965
0.995242
0.161354
0.038513
0.204910
0.081350
0.095174
0.076281
0.135300
0.140355
0.728718
0.432321
0.307750
0.718042
0.765628
0.668220
0.988738
0.999930
0.724092
0.925050
0.999935
0.996708
0.029496
0.559429
0.854907
0.670863
0.654492
0.696999
0.845598
0.820450
0.953173
0.847931
0.891270
0.894554
0.920801
0.951798
0.993512
0.964233
0.947787
0.878178
0.945029
0.895698
0.908605
0.951708
0.920882
0.915832
0.925071
0.919896
0.871389
0.859088
0.828048
0.888177
0.890569
0.853487
0.874601
0.882886
0.837674
0.879455
0.820586
0.790933
0.859544
0.866917
0.895233
0.884282
0.885026
0.899857
0.816066
0.883607
0.893694
0.999839
0.999998
0.997453
0.999979
0.999993
1.000000
0.999998
1.000004
0.819573
0.048297
0.075203
0.680059
0.858111
0.446937
0.053242
0.409166
0.106427
0.876694
0.517043
0.918362
0.122746
0.914492
0.593770
0.945489
0.947219
0.924313
0.579927
0.999871
0.149511
0.963247
0.944328
0.718335
0.986807
1.000017
0.981771
1.000576
0.999147
0.999796
0.981940
1.000028
0.999984
0.328108
0.833300
0.999991
1.000105
0.046570
0.541633
0.159222
0.981828
0.926391
0.899687
0.992952
0.990642
0.999978
0.935847
0.999998
0.333368
0.499177
0.457438
0.738731
0.666493
0.696565
0.683394
0.772121
0.792887
1.000152
0.861881
0.852571
0.840771
0.862300
0.997791
0.996688
0.853422
0.659933
0.630257
0.999937
0.813996
0.755815
0.845401
0.022891
0.975921
0.999999
0.842581
0.170355
0.820350
0.805433
0.652529
0.903555
0.896790
0.948511
0.500446
0.864266
0.994029
1.000000
0.822727
0.999998
0.999353
0.999878
0.955010
1.001189
0.996046
1.000000
0.830624
0.725714
0.797229
0.823988
0.853042
0.763585
0.755048
0.804556
0.773314
0.493848
0.717274
1.000063
0.695493
0.695533
0.684684
0.755423
0.638392
0.655190
0.757315
0.784979
0.986083
1.000038
0.805485
0.782963
0.782048
0.796919
0.780585
0.785916
0.645480
0.779946
0.870799
0.999950
0.995896
0.879245
0.011263
1.003436
0.301153
0.391328
0.784898
0.864369
0.712318
0.995361
0.936432
0.959620
0.554549
0.914721
0.999408
0.999893
0.892092
0.952493
0.996839
0.961629
0.932635
0.982295
1.000000
0.999919
0.984716
1.000632
1.000000
1.000004
0.987453
0.999999
0.999993
0.999992
0.992079
1.000174
0.952787
0.919615
0.025099
0.168375
0.123042
0.922144
0.680926
0.905707
0.894531
0.942590
0.730220
0.683219
0.709771
0.788066
0.807202
0.551129
0.796130
0.838086
