0.000002
0.000802
0.000240
0.001259
0.006026
0.007758
0.009034
0.005359
0.018143
0.024054
0.016226
0.627901
0.996008
0.994870
0.990097
0.463368
0.988736
0.991049
0.991932
0.974698
0.991779
0.986528
1.000439
0.994317
1.000000
1.000000
0.000363
0.509019
1.002915
1.033118
1.005488
0.730055
1.086965
1.069575
1.107298
0.241520
0.345837
0.436901
0.621810
0.292005
0.580678
0.482273
0.607505
0.491302
1.000000
0.995303
1.000000
0.726839
1.000000
0.993445
1.000000
0.975514
1.000000
0.996304
1.000000
0.985849
1.000000
1.000000
1.000000
0.995438
1.000000
1.000000
1.000000
0.158065
0.090149
0.067128
0.126413
0.006043
0.058230
0.132596
0.153762
0.054355
0.297235
0.077986
0.004332
0.001625
0.004755
0.005733
0.007704
0.003507
0.026656
0.067073
0.060783
0.007720
0.090896
0.022955
0.013642
0.005711
0.064059
0.017207
0.113016
0.170726
1.000000
1.000000
1.000000
0.401352
1.000000
1.000000
1.000000
0.964270
1.000000
0.995564
1.000000
0.160112
0.077239
0.050163
0.082544
0.041282
0.067738
0.057099
0.061180
0.017435
0.044422
0.039724
0.056111
0.014859
0.045810
0.041051
0.042680
0.016092
0.061472
0.064868
0.119890
0.061599
0.234728
0.069980
0.019311
0.016496
0.062449
0.054275
0.031906
0.008994
0.015337
0.130557
0.995171
0.722635
0.999443
0.968202
0.995890
0.377245
1.000000
1.000000
1.000000
0.057355
0.198717
0.089631
0.100490
0.024377
0.041013
0.044023
0.025448
0.007953
0.019996
0.016425
0.021407
0.006988
0.028230
0.019391
0.021095
0.009217
0.015389
0.011556
0.011937
0.002274
0.003164
0.001088
0.000990
0.000444
0.002139
0.000851
0.001630
0.001779
0.019961
0.002797
0.013128
0.112030
0.981798
0.977179
1.000000
0.417940
1.000000
0.979785
1.000000
0.957089
0.998275
0.993334
1.000000
0.967606
1.000000
0.998613
0.096080
0.012537
0.012934
0.020701
0.040347
0.013661
0.024322
0.036469
0.035193
0.019992
0.043219
0.028871
0.033193
0.016309
0.042007
0.032071
0.037774
0.031486
0.033751
0.041965
0.062088
0.034095
0.156405
0.507487
0.999879
0.855432
1.000019
0.987098
0.992577
0.468822
1.000000
0.000607
0.998609
0.970758
1.000000
0.998302
1.000000
0.883192
1.000000
1.000000
1.000000
0.996080
1.000000
1.000000
1.000000
0.997742
1.000000
1.000000
1.000000
0.999512
1.000000
1.000000
1.000000
0.999809
1.000000
1.000000
1.000000
1.000000
1.000000
1.000000
1.000000
1.000000
0.045898
0.040042
0.045419
0.033589
0.069662
0.076585
0.073235
0.043381
0.094366
0.108788
0.020300
0.002706
0.004467
0.004648
0.005853
0.003495
0.008264
0.027468
0.061208
0.025776
0.066510
0.033701
0.035334
0.032706
0.020224
0.013549
0.050647
0.043030
1.000000
0.993762
1.000000
0.416709
1.000000
1.000000
1.000000
0.966484
1.000000
0.995426
1.000000
0.970528
1.000000
1.000000
1.000000
0.582173
0.016970
0.009722
0.010748
0.003946
0.004726
0.004821
0.004719
0.003346
0.005765
0.005784
0.006432
0.002435
0.005722
0.007194
0.011264
0.002960
0.008750
0.007875
0.010211
0.003040
0.003898
0.006715
0.013087
0.159311
0.736417
0.982512
1.000000
0.437044
1.000000
1.000000
1.000000
0.915398
1.000000
1.000000
1.000000
0.957962
0.996189
1.000000
0.996797
0.143049
0.209698
0.308555
0.385802
0.160797
0.276607
0.315760
0.413310
0.248032
0.513287
0.505777
0.730306
0.196728
0.423140
0.411534
0.685529
0.223230
0.567600
0.492653
0.658371
0.195506
0.513090
0.470403
0.637375
0.232757
0.555225
0.497418
0.723751
0.186844
0.445659
0.559598
0.736248
0.444610
1.000000
0.993164
1.000000
0.694519
0.997408
0.973624
1.000000
0.949985
0.654722
0.316547
0.275184
0.147293
0.177034
0.218646
0.196276
0.073449
0.202824
0.149940
0.205719
0.096371
0.168197
0.176572
0.300738
0.152072
0.272294
0.292916
0.517292
0.185996
0.351947
0.453258
0.492776
0.296909
0.590512
0.597697
0.789382
0.579564
0.938580
0.980825
1.001265
0.594284
0.906679
0.651022
0.439862
0.305511
0.260416
0.262390
0.165173
0.078392
0.088753
0.174850
0.175044
0.190042
0.155192
0.188813
0.379756
0.167420
0.408689
0.626323
0.594741
0.695100
0.925404
0.942566
0.938076
0.891169
0.988671
0.965709
0.990499
0.954063
0.999695
0.972143
0.996728
0.982621
1.000292
0.997514
1.004185
0.970425
1.002407
1.001047
1.006759
0.966744
1.002996
1.000270
1.005664
0.968117
1.003278
1.001539
1.006727
0.974633
1.000000
1.000000
1.000000
0.999944
1.000000
1.000000
1.000000
1.000000
1.000000
1.000000
1.000000
1.000000
1.000000
1.000000
1.000000
1.000000
1.000000
0.001153
1.000000
0.909265
1.000000
0.811796
0.167494
0.276921
0.187482
0.226300
0.205044
0.219663
0.238704
0.554754
0.628441
0.551852
0.621423
0.586495
0.620176
0.546234
0.628126
0.796869
1.000000
0.173819
0.083118
0.091213
0.088299
