3.12482383637
3.25863195593
3.22681185647
2.87591331816
3.4147310849
3.04865539461
2.8321398859
2.64134728832
3.44038217011
3.34908810018
3.11678925137
2.73396123394
3.23508695158
3.05279671106
2.92538978847
2.5790844863
3.184452594
3.01831647328
2.81482742868
2.43600573833
2.86998943258
2.47423948517
2.11931983159
1.71437083281
1.86225342408
1.67704262183
1.62076163287
1.34839301543
1.57790781787
1.56295240471
1.50846498506
1.34487185383
1.47757703006
1.36607043594
1.27418428593
1.22412835961
1.38706872117
1.4279300744
1.38823494129
1.27969928685
1.4831493532
1.53249317799
1.58500553489
1.43848060508
1.7846773579
1.81017776276
1.78441549747
1.49607668332
1.52924333534
1