2.00532054274
2.03191306997
2.08332643548
1.86743032562
2.23614567427
2.01145257725
1.89936202073
1.63430814499
1.90426717024
1.92549103432
2.03618929195
1.87366929071
2.36251857888
2.2437417767
2.17385830229
1.93021781001
2.36365976198
2.20266569551
2.10395257915
1.82550553103
2.15749045557
2.21109728425
2.22740477461
1.99684549363
2.52869224187
2.40691502878
2.3520846625
2.083093821
2.57955054407
2.39324188533
2.279024844
1.97197783226
2.4221708264
2.15830221848
2.09476487662
1.77660741213
2.19019652169
2.08842747864
1.99617767873
1.61897151731
1.96272281952
1.8507584144
1.80090012557
1.53781384776
1.78579635606
1.65115264937
1.583748248
1.3241448622
1.35720486789
1