3.18408430288
2.87227284323
2.79240932852
2.36072200237
3.22308146902
2.82172236767
2.64663377133
2.16580149813
3.08032721292
2.76547196695
2.64577323879
2.19405923862
3.14965842584
2.79645129928
2.5612481621
2.11538650666
2.89503543086
2.57643284392
2.4037408799
2.00796436994
2.79473926613
2.60085212456
2.51620099587
2.12050471403
2.98236563952
2.71784619594
2.6025839842
2.17155730166
3.14604773006
2.7846078589
2.5981417035
2.16314106892
3.16808882696
2.81632048305
2.62584633446
2.14254396767
3.07924541971
2.75841012487
2.55842211737
2.15198418317
3.06877850165
2.78703647413
2.55701401422
2.03331023449
2.84495068724
2.50454178674
2.23935681531
1.65823461401
1.7739715017
1