4.89735291242
4.56707307116
4.51516962905
4.08958581723
4.8525010659
4.39003119493
4.17594523937
3.74268675329
4.70667993667
4.3672495436
4.15987923433
3.78815824314
4.7284057265
4.25598351869
4.01665199714
3.59261638608
4.41673712863
4.01355165651
3.88606176266
3.53224650467
4.39513200131
4.15962947367
4.0434868319
3.69840420395
4.6369547982
4.28724895949
4.2144501143
3.82883961215
4.80416256895
4.41197724007
4.21867347186
3.79801916333
4.83252625705
4.37587224975
4.15561920409
3.73560332463
4.59046848886
4.15205350237
3.97545132619
3.57982162316
4.37485614159
3.96779884568
3.65862005158
3.09637380082
3.68791605367
3.23070854801
2.77734844181
2.1211888733
1.87201305361
1