1.37737909083
1.2954857162
1.34132407121
1.20579767502
1.36555260671
1.28958165594
1.32628867292
1.18895820494
1.34493963207
1.26493192455
1.32470367284
1.19995713864
1.37481930393
1.28271198724
1.31975043084
1.17663327965
1.31828002606
1.24424290237
1.27908881769
1.15745965314
1.28483312681
1.24258346589
1.30150945971
1.1758266322
1.32003640575
1.25092680151
1.30847070074
1.18659081685
1.36159208722
1.26590083422
1.3115030179
1.18155286645
1.36356347296
1.26676511565
1.32349328856
1.18467813527
1.34534815978
1.25620870393
1.2976515082
1.18516219028
1.34055369223
1.25625685954
1.33452402052
1.17293928691
1.31409433665
1.26238990668
1.31454314113
1.17429314983
1.28360074536
1