2.1358567837
1.86942086716
1.87100962282
1.55131079524
2.14910202435
1.83918020216
1.84763893271
1.49425693863
2.05521515038
1.82000752633
1.84493312738
1.5163894895
2.12214679838
1.83041151981
1.83420238906
1.46659593595
1.97403216286
1.7362242475
1.74283646786
1.41882665561
1.89257354133
1.73556519727
1.79113475582
1.46983528538
1.97978466528
1.79502759902
1.82462122865
1.49574128626
2.08531998034
1.82709022744
1.82575239635
1.49433468952
2.10639650836
1.83447664559
1.84320675853
1.49422126163
2.06812922744
1.80395033042
1.82473799737
1.49429691783
2.06824482841
1.80660153022
1.8580929852
1.45675960124
1.9874638129
1.77304298227
1.77170472127
1.38333178938
1.61224638193
1