3.08938257753
3.05823121415
2.99577946822
2.75197788192
3.25068127746
2.96740788525
2.75981653216
2.34020931003
2.99001026574
2.95016107421
3.044051574
2.80863330977
3.65183942107
3.37135530606
3.19978790936
2.92214617508
3.60509225732
3.32442737352
3.12261717921
2.73780772978
3.41202750076
3.44108814354
3.36970143646
3.05710077714
3.91682916234
3.68282531909
3.5275146315
3.12698659909
3.92978731537
3.5941759655
3.33717273929
2.93021042568
3.64629244831
3.23915649769
2.92788179851
2.54543306931
3.26294648199
3.04962900541
2.69033911031
2.22131186947
2.80189463366
2.62331100156
2.41424005175
2.03191904051
2.40692746683
2.16541212837
1.95315679824
1.53659006027
1.53434768155
1