1.43368467067
1.44473618969
1.52917659679
1.41631352643
1.59413914791
1.47127707736
1.4509169314
1.29603941211
1.39121078019
1.39199608953
1.45937363039
1.41566869457
1.60973632212
1.56571614682
1.58242867268
1.43866322351
1.63140616492
1.55830980661
1.54265485677
1.3769459639
1.48416273313
1.51273263045
1.56589073993
1.45557312413
1.67582355181
1.6168903389
1.64854818849
1.51278395374
1.72922277391
1.63733621637
1.62347887244
1.4681191478
1.64777554944
1.5498987227
1.5429911284
1.36812636634
1.53068410831
1.49811119168
1.49359374095
1.30272076262
1.43667338256
1.39342814882
1.40037649425
1.27046458827
1.36761562472
1.31164349835
1.29750792843
1.17482187181
1.19209733248
1