1.50086710089
1.56926545691
1.6303170529
1.46434119411
1.74359201447
1.58358185917
1.4963541058
1.33057605219
1.70635090695
1.69810926142
1.65683445424
1.38589786036
1.59540458814
1.52918210045
1.56390900549
1.36683077259
1.61409459191
1.57529259695
1.56851398386
1.35782733595
1.60108684435
1.50489323759
1.40000278907
1.18205698743
1.24461513125
1.17898230653
1.19027990653
1.07736573984
1.14688261584
1.15219980108
1.15343786054
1.08116346251
1.12844856136
1.10103591301
1.07602096806
1.04920793741
1.09095690516
1.10526767254
1.10503698688
1.0615629031
1.11435962375
1.12780610355
1.15901901882
1.09197389677
1.18229301585
1.20577229046
1.24030606566
1.13892648189
1.22887825918
1