2.08781496093
2.19911357283
2.22070215644
1.97936905778
2.3939714261
2.13111695034
1.96754115948
1.77968006148
2.40172285691
2.33727288563
2.18800812581
1.83517574159
2.2090887766
2.08343365204
2.07637858517
1.80343193935
2.23925286719
2.15136873404
2.06735122266
1.77286647652
2.15085168723
1.93098209116
1.697252315
1.38559957141
1.50082682984
1.37307202411
1.36456561929
1.1707490385
1.31920244073
1.32177548435
1.30487526475
1.17087251726
1.26936844629
1.20564412731
1.15395224732
1.10659449035
1.19683010315
1.23297095003
1.21577873412
1.13503580258
1.24307234993
1.27599362313
1.32489915153
1.20821907563
1.4034977794
1.45140896426
1.47837931669
1.28489840959
1.37896905133
1