1.23230382686
1.24064110421
1.291195318
1.19490339809
1.35016548404
1.24648216259
1.23055002727
1.12781381123
1.30774667236
1.29031051627
1.31487719355
1.16323408524
1.26400582491
1.21596042857
1.25376652501
1.151204358
1.26868415669
1.23570801513
1.2638326485
1.1496957051
1.27568296637
1.21856218486
1.18772643202
1.07910728598
1.11238064313
1.07137529058
1.08284945819
1.03252165442
1.06296207138
1.05908570062
1.06639303898
1.03515722189
1.05852883893
1.04272445194
1.03308399712
1.02125209502
1.0385503823
1.04180062943
1.04302891081
1.02644219288
1.05040944244
1.05018545126
1.06704272688
1.03786152108
1.0768878571
1.08149028288
1.10500086551
1.05994536336
1.11225351827
1