1.17858417823
1.17633950453
1.22663292243
1.19287958256
1.24692279508
1.19698595285
1.19559266661
1.14435702115
1.16497262833
1.15951672456
1.19732554407
1.19149247636
1.26110660431
1.237577588
1.25350171394
1.20206435914
1.26372010013
1.23190748619
1.23922578675
1.18355543002
1.20019054526
1.21121754841
1.24532924347
1.2039223443
1.28043856348
1.24908277379
1.28176828314
1.24145081293
1.31524181126
1.27141978296
1.282365805
1.21870291765
1.27416698888
1.23781879327
1.24358846769
1.17289833314
1.21491169162
1.20598089571
1.22073565118
1.14639861496
1.18467434692
1.16624473157
1.18315976283
1.12958499839
1.15689675513
1.13344780686
1.13937358638
1.0847612002
1.09157936694
1