0.187244986544
0.186370799878
0.243697790519
0.144355192307
0.280922980326
0.200302431534
0.20442206415
0.0977359101186
0.238505901086
0.220789072692
0.270691168305
0.129140295104
0.217117118872
0.172249317763
0.220435688285
0.119182033766
0.217433368885
0.186502552702
0.229480415843
0.117345538856
0.226236272381
0.184017277857
0.173964567246
0.0711153025433
0.104893816494
0.0659143245098
0.0802399231389
0.0305953103082
0.059449458479
0.0554070576807
0.0641381208339
0.0332132867734
0.0561306861313
0.0413562227813
0.0323955243546
0.0204632296886
0.0370036081893
0.0400761944388
0.0419204423854
0.0251732246636
0.0480005149365
0.0470322790213
0.0645969867087
0.0351582765345
0.0710943577731
0.0737468045754
0.0990625263691
0.0538954135659
0.112253518267
0