0.683199676944
0.687043634549
0.72521639121
0.538957139252
0.758467108162
0.712876331569
0.751991082431
0.448228999539
0.674542920093
0.640646528749
0.727774454177
0.495266385299
0.786579633509
0.741097651855
0.752798723115
0.533175308116
0.783621347265
0.744384354571
0.775298117584
0.509318207253
0.700949060339
0.724422679448
0.775146653384
0.525195430252
0.792008555827
0.760542648111
0.808290842128
0.541247255486
0.815148546841
0.777357412448
0.797612594236
0.529362483412
0.816969618539
0.764770114295
0.757388525259
0.473631142233
0.742039926161
0.761847827122
0.760964335329
0.435887864874
0.686878007446
0.672390055158
0.696012008137
0.428728765086
0.649727342153
0.596681295334
0.620306497411
0.349718689397
0.534347681554
0