0.853359000763
0.790019725552
0.859541720396
0.636699667918
0.877556649335
0.81179972452
0.848573618024
0.582722171509
0.848744707546
0.809458485193
0.834146577706
0.58966137942
0.876038572547
0.810621263932
0.83968107723
0.586998118876
0.851300150352
0.775477035764
0.817061255167
0.576147998266
0.8162101992
0.781412084429
0.822918930453
0.58193455002
0.848319011226
0.7799947491
0.839536371306
0.588830950567
0.862235311279
0.808779646688
0.847461093125
0.578997198256
0.875831385907
0.812363232519
0.844741512911
0.595931184642
0.864745236741
0.792879410095
0.831173069333
0.589692904101
0.850561299312
0.811179844817
0.858623739445
0.568444012909
0.831989643673
0.803179217423
0.837902020033
0.598921503852
0.872013053614
0