0.607598215922
0.4646800618
0.561466874012
0.256530769127
0.624790340285
0.454190581991
0.567264511741
0.240489147106
0.579786146549
0.44446463352
0.557200596039
0.243333538424
0.613057111056
0.452737126917
0.56880178692
0.236366937036
0.56100596698
0.422428759715
0.523556887602
0.221300069173
0.514284074566
0.410669936966
0.538247219729
0.237316357493
0.545832646702
0.435721993441
0.551312741194
0.237729121159
0.594015535763
0.453013359911
0.552588655099
0.234682638126
0.603112888367
0.45273089507
0.564311846029
0.238970203156
0.592105674657
0.440583980592
0.551923776013
0.238993426232
0.591300743716
0.434101811179
0.589042271956
0.229820335983
0.556931683428
0.436327212421
0.557859457289
0.23776253659
0.612246381934
0