0.300182603419
0.290833766765
0.373629557942
0.261152564367
0.403825463642
0.324813273011
0.347919150598
0.212792638131
0.281043016666
0.268605709577
0.324492328012
0.258221603663
0.389429669837
0.357498670611
0.40484017605
0.268886579529
0.405186543931
0.361914918404
0.39410032855
0.253978863294
0.320058365493
0.327438318252
0.388775205139
0.27185029333
0.417977357867
0.374202187842
0.428711705255
0.296540134377
0.445371431122
0.392574382822
0.424678660022
0.284091573008
0.417947018057
0.356384889439
0.396886677837
0.240497934448
0.354235460801
0.333498446076
0.378894506876
0.210709522632
0.313380623846
0.28094455344
0.315141797687
0.197763599206
0.280270992215
0.240186199654
0.253236627248
0.146650669407
0.192097332475
0