0.29130316615
0.220294053128
0.283069107098
0.150706515447
0.283466041123
0.218339839471
0.274432416178
0.140495677605
0.272694225969
0.199993349442
0.270596059125
0.14544248693
0.292208467415
0.214216249248
0.271750286495
0.133987678
0.255802163271
0.190950697862
0.241121854173
0.122552610024
0.229226554695
0.186386248736
0.25642339734
0.133198320468
0.255839434697
0.191771051018
0.259963836193
0.137038705354
0.285640136612
0.202745118075
0.263638662939
0.133145885796
0.287001487863
0.201561366391
0.2730642855
0.137271630341
0.274913044864
0.197440300656
0.251148332811
0.138123665882
0.27108603598
0.192021166801
0.285201479948
0.131603403263
0.248809290212
0.199605397852
0.267857426552
0.135784550184
0.283600745363
0