0.652060086904
0.699957746654
0.774297278854
0.549359018768
0.792064294695
0.723359536302
0.693638392046
0.477082837651
0.728670640219
0.753688462943
0.774257229799
0.535985974995
0.732144051218
0.701717329827
0.746540021736
0.495873133512
0.723732124624
0.717030270743
0.745001294587
0.500352273786
0.755783522083
0.69561916196
0.652904150122
0.383605595012
0.514151168763
0.417731150648
0.460371439015
0.220794276755
0.369753945245
0.373195540028
0.378076902725
0.233403637723
0.349599125712
0.287297873612
0.223983280654
0.16158417834
0.271069801041
0.308254792953
0.303379821558
0.188584707433
0.315270149411
0.335956667826
0.406682949236
0.245691807061
0.433480829367
0.454029772723
0.524315034264
0.324393555853
0.529243335339
0