0.319172959988
0.34917469329
0.430444117418
0.266312985065
0.469563357374
0.390002511376
0.373037005273
0.193732749132
0.415963167391
0.421351245823
0.473941459197
0.24188087663
0.389361468437
0.338371413294
0.412566805486
0.22726720877
0.389828907402
0.366775561373
0.418693871313
0.223490273003
0.399421586421
0.360637308388
0.338395520117
0.14627573043
0.207479900165
0.150369930253
0.176615887711
0.067457417851
0.127480160737
0.131953186462
0.141919206357
0.0719248225272
0.116661554671
0.0938977176176
0.07245557849
0.0451052990043
0.082294006623
0.0952616733976
0.0989456079975
0.0552450948443
0.101400075231
0.110270928669
0.145625293138
0.0777928106986
0.151183616747
0.16590444581
0.210993483318
0.113051460431
0.228878259177
0