0.494660655263
0.539970463553
0.61671276089
0.409098056518
0.654103673603
0.574888583595
0.543660167029
0.324633651728
0.599725802464
0.611182778461
0.64735387401
0.378063457856
0.580334667924
0.521790033753
0.596850128735
0.358794645807
0.576029969934
0.556929428062
0.60204828553
0.35933043692
0.595992936702
0.548523094022
0.50321343149
0.256924758904
0.364749132638
0.273399841555
0.311395190006
0.129433537437
0.241495204373
0.246594822543
0.260382971037
0.134612230012
0.223422849403
0.178208524479
0.139122550002
0.0890640117322
0.159638881307
0.191622820408
0.190107425363
0.108630686369
0.190496524065
0.208312929183
0.268907483818
0.14835725335
0.278004194088
0.305340421879
0.37230905815
0.20660246821
0.378969051328
0