0.151813466724
0.143758985513
0.189988097497
0.154684462676
0.206287128514
0.164760087903
0.170919269945
0.12391451751
0.14227705805
0.133227529761
0.165612077276
0.151844797023
0.210982007789
0.18953112338
0.210888636715
0.159896451054
0.214074598201
0.187139009427
0.202124700445
0.152938573584
0.165280420119
0.169607796106
0.203774973219
0.159259764677
0.224515596055
0.194327459238
0.226966932725
0.183579027718
0.247944711484
0.211655505707
0.231693713792
0.171643842261
0.221492023205
0.191235926871
0.207680803026
0.142313498449
0.178204888972
0.168735053741
0.192547032335
0.12357709555
0.158349565849
0.140509115331
0.162147835787
0.112010858195
0.138424331655
0.117123837567
0.128483196445
0.0776500571261
0.0915793669377
0