0.760402796702
0.670486530791
0.759263194361
0.422180455397
0.787845570667
0.688316754437
0.760288407204
0.378466772374
0.752250334766
0.667280151248
0.750104286076
0.379107533955
0.768709409095
0.701396813422
0.738043925868
0.385275597933
0.735526809998
0.655824784237
0.699086548006
0.360664904292
0.690058173313
0.636217904366
0.715018922539
0.375710040107
0.729388455637
0.660054087157
0.737988347335
0.372390186732
0.770682206904
0.686878570363
0.738806047588
0.36714282094
0.76983029453
0.691708596659
0.758839192563
0.371046737736
0.753784000776
0.687302581123
0.724179168954
0.375388508017
0.742286123934
0.698876292502
0.765753296183
0.363208486924
0.736642006537
0.671863356682
0.74739533528
0.371051402672
0.773971501704
0