0.494765527916
0.495319913574
0.58011612033
0.387913155926
0.614553725129
0.532522271273
0.550301375838
0.333098293612
0.469629384984
0.454521118435
0.55302677857
0.369804199012
0.607252845684
0.572135624201
0.608148104425
0.393549792983
0.619095201219
0.571622054331
0.604738008395
0.38262302802
0.523491419315
0.543725728728
0.614671880485
0.394213845846
0.635125138855
0.598156627275
0.649075259532
0.419876952398
0.660004554385
0.611332469237
0.648600011154
0.401283766474
0.658930345443
0.552950945191
0.61621091365
0.354583437803
0.569900814783
0.545255810762
0.615315135617
0.31536369331
0.520177464564
0.472407326934
0.520804339706
0.301161913525
0.475907758354
0.411146563346
0.440849233845
0.238832669902
0.357204867895
0